timestamp,shape_error,presence_error,leader_off
0.05,1.2171460513090368e-15,0.0,1
0.1,0.028282075900949433,0.0,1
0.15000000000000002,0.03461610488784104,0.0,1
0.2,0.048165100045097255,0.0,1
0.25,0.07667690849530988,0.0,1
0.3,0.07608603777101863,0.0,1
0.35,0.08012595377814981,0.0,1
0.39999999999999997,1.2815423006072826e-15,0.0,1
0.44999999999999996,1.2796822798319996e-15,0.0,1
0.49999999999999994,1.2733846808282031e-15,0.0,1
0.5499999999999999,1.2829683099803774e-15,0.01234375,0
0.6,0.012238442986640277,0.01234375,0
0.65,0.034343821263638115,0.01234375,0
0.7000000000000001,0.05570844740838798,0.9874999999999986,0
0.7500000000000001,0.06987035523689422,0.9874999999999986,0
0.8000000000000002,0.09562267427340011,0.9768749999999986,0
0.8500000000000002,0.0977152821871688,0.9757812499999986,0
0.9000000000000002,0.07664154483364642,0.2545312500000002,0
0.9500000000000003,0.18989221853626054,0.1253125,0
1.0000000000000002,0.17039687141803259,0.06343750000000001,0
1.0500000000000003,0.10191307574100948,0.06546874999999999,0
1.1000000000000003,0.08841155168820604,0.13703124999999994,0
1.1500000000000004,0.0958447051909827,0.11312499999999999,0
1.2000000000000004,0.10258864103164503,0.10437499999999991,0
1.2500000000000004,0.12920193200080468,0.11171874999999995,0
1.3000000000000005,0.11795247495234172,0.0746875000000001,0
1.3500000000000005,0.12366415323816202,0.0985937499999999,0
1.4000000000000006,0.1553508947819728,0.08921875000000011,0
1.4500000000000006,0.16012925123179955,0.1403125000000002,0
1.5000000000000007,0.1434375664815319,0.0751562500000001,0
1.5500000000000007,0.12733552421208663,0.08953125000000009,0
1.6000000000000008,0.1437151436628488,0.09562499999999988,0
1.6500000000000008,0.12641237563573934,0.05140624999999993,0
1.7000000000000008,0.08385364158875719,0.10031249999999987,0
1.7500000000000009,0.12031682373091587,0.11124999999999996,0
1.800000000000001,0.12536081995415188,0.14140625000000023,0
1.850000000000001,0.1197474228629718,0.13390624999999992,0
1.900000000000001,0.10797606443399511,0.09843749999999987,0
1.950000000000001,0.13688492510497327,0.06296874999999999,0
2.000000000000001,0.08218210082202583,0.07640625000000009,0
2.0500000000000007,0.13160325855583435,0.07484375000000011,0
2.1000000000000005,0.15339986503653533,0.08718750000000011,0
2.1500000000000004,0.15537516694642234,0.09968749999999986,0
2.2,0.14848207320038956,0.0756250000000001,0
2.25,0.14276471739796157,0.062343749999999996,0
2.3,0.09816403917462783,0.09765624999999988,0
2.3499999999999996,0.1376826863660844,0.06265625,0
2.3999999999999995,0.09766990891565469,0.11875,0
2.4499999999999993,0.14064628905464507,0.10171874999999989,0
2.499999999999999,0.14954077625736692,0.09843749999999987,0
2.549999999999999,0.132425912001033,0.08953125000000012,0
2.5999999999999988,0.1497366603639578,0.12125000000000001,0
2.6499999999999986,0.1448085068483007,0.14859375000000022,0
2.6999999999999984,0.15985276389626263,0.2068750000000002,0
2.7499999999999982,0.17863176650504461,0.0737500000000001,0
2.799999999999998,0.1085677980735147,0.15453124999999981,0
2.849999999999998,0.08919608190208156,0.1329687499999999,0
2.8999999999999977,0.09536018934851806,0.13624999999999993,0
2.9499999999999975,0.10414541963245053,0.08609375000000011,0
2.9999999999999973,0.13843535596742798,0.1540624999999998,0
3.049999999999997,0.19390331626759258,0.20343749999999972,0
3.099999999999997,0.1865776915287324,0.1789062500000002,0
3.149999999999997,0.17949688289313676,0.13828125,0
3.1999999999999966,0.1495861265095384,0.19703124999999977,0
3.2499999999999964,0.1633520839263405,0.2560937499999997,0
3.2999999999999963,0.16613320466645956,0.07249999999999993,0
3.349999999999996,0.15303757164090848,0.11296874999999987,0
3.399999999999996,0.18213385012214203,0.11312499999999985,0
3.4499999999999957,0.21002406674226579,0.08078125,0
3.4999999999999956,0.2435979862235406,0.08031250000000001,0
3.5499999999999954,0.29217539901096773,0.12218750000000003,0
3.599999999999995,0.26341893360154506,0.12484375000000003,0
3.649999999999995,0.26043451389092054,0.07265624999999994,0
3.699999999999995,0.19721844980492534,0.07109374999999994,0
3.7499999999999947,0.1413509758394292,0.11249999999999986,0
3.7999999999999945,0.14326485386501517,0.0914062500000001,0
3.8499999999999943,0.15429717042974603,0.10296875000000014,0
3.899999999999994,0.1340830948278737,0.1664062499999998,0
3.949999999999994,0.14493512182072754,0.11218749999999986,0
3.999999999999994,0.12994856444633685,0.0942187500000001,0
4.049999999999994,0.16629365465682866,0.10375000000000012,0
4.099999999999993,0.14695967140843322,0.1443749999999999,0
4.149999999999993,0.13289170858398314,0.12593750000000004,0
4.199999999999993,0.15327845953976688,0.12500000000000003,0
4.249999999999993,0.15392626994501904,0.15625000000000017,0
4.299999999999993,0.1459786769098566,0.08281250000000002,0
4.3499999999999925,0.14878131595284427,0.11374999999999987,0
4.399999999999992,0.11929823963293426,0.11609374999999986,0
4.449999999999992,0.13458832509894655,0.05796874999999998,0
4.499999999999992,0.1460829697623948,0.10156250000000011,0
4.549999999999992,0.11818685333545265,0.10421875000000014,0
4.599999999999992,0.10334580392452329,0.0945312500000001,0
4.6499999999999915,0.11598306739297193,0.12359375000000002,0
4.699999999999991,0.1320161911581191,0.1359375,0
4.749999999999991,0.1308946916647091,0.0964062500000001,0
4.799999999999991,0.19074623042154965,0.11359374999999985,0
4.849999999999991,0.16103574186954578,0.14218749999999988,0
4.899999999999991,0.14749784946443084,0.11484374999999984,0
4.94999999999999,0.12674124551575994,0.06624999999999999,0
4.99999999999999,0.10647389000819749,0.15484375000000017,0
5.04999999999999,0.11429254336148031,0.11734374999999986,0
5.09999999999999,0.10267722030961782,0.1790625000000002,0
5.14999999999999,0.16083208595853513,0.10656250000000014,0
5.1999999999999895,0.13402718318642057,0.12734375000000003,0
5.249999999999989,0.1604392225554189,0.0995312500000001,0
5.299999999999989,0.15727305864697916,0.0967187500000001,0
5.349999999999989,0.14772451698642292,0.07656249999999994,0
5.399999999999989,0.1584577466547477,0.09171875000000003,0
5.449999999999989,0.16973108020655628,0.08703125000000003,0
5.4999999999999885,0.16458488529920956,0.09812500000000011,0
5.549999999999988,0.18004810048346223,0.0959375000000001,0
5.599999999999988,0.14461844656734357,0.06609374999999998,0
5.649999999999988,0.14973167641269325,0.12296875000000003,0
5.699999999999988,0.12444318518633564,0.11437499999999985,0
5.749999999999988,0.09412405389445735,0.09656250000000012,0
5.799999999999987,0.12677172237167905,0.07578124999999994,0
5.849999999999987,0.12648162422017972,0.05640624999999997,0
5.899999999999987,0.09097658519037115,0.09656250000000012,0
5.949999999999987,0.1443068522323731,0.10515625000000013,0
5.999999999999987,0.13757948618336036,0.11671874999999984,0
6.0499999999999865,0.49073206571420486,0.11500000000000013,0
6.099999999999986,0.4806485370396651,0.17249999999999982,0
6.149999999999986,0.477963947069794,0.1742187499999998,0
6.199999999999986,0.4793938315962138,0.16218750000000015,0
6.249999999999986,0.4716098118579536,0.1631250000000001,0
6.299999999999986,0.47050196850046955,0.06265625000000005,0
6.349999999999985,0.46766455738414675,0.10562500000000005,0
6.399999999999985,0.45465803893200235,0.11453125000000013,0
6.449999999999985,0.45009843276773687,0.14093750000000002,0
6.499999999999985,0.4449462183799994,0.11390625000000013,0
6.549999999999985,0.44632669663137853,0.14390624999999999,0
6.5999999999999845,0.4642519588178196,0.09593749999999998,0
6.649999999999984,0.4408847802355348,0.10500000000000007,0
6.699999999999984,0.4235447210551189,0.16296875000000016,0
6.749999999999984,0.41114153795317493,0.12609374999999987,0
6.799999999999984,0.4082007061634786,0.05640625000000006,0
6.849999999999984,0.402012181977583,0.0853124999999999,0
6.8999999999999835,0.39541040356955315,0.0762499999999999,0
6.949999999999983,0.38815734989727363,0.09374999999999997,0
6.999999999999983,0.3617441663921788,0.1137500000000001,0
7.049999999999983,0.35608502780846124,0.09343749999999991,0
7.099999999999983,0.35604779917427964,0.0923437499999999,0
7.149999999999983,0.3557681566268291,0.14625000000000005,0
7.199999999999982,0.3647514331754486,0.13578125000000013,0
7.249999999999982,0.3500852868151051,0.1376562500000001,0
7.299999999999982,0.3713416935420519,0.09984374999999998,0
7.349999999999982,0.35633480505729326,0.0892187499999999,0
7.399999999999982,0.3445145755204383,0.11812500000000015,0
7.4499999999999815,0.3402539072020719,0.09796874999999997,0
7.499999999999981,0.31687798032259806,0.0892187499999999,0
7.549999999999981,0.2852041981923296,0.09843749999999998,0
7.599999999999981,0.30608049863856357,0.14203125000000003,0
7.649999999999981,0.29168458691797805,0.143125,0
7.699999999999981,0.2795261667768876,0.14156250000000006,0
7.7499999999999805,0.26967631667585074,0.09812499999999999,0
7.79999999999998,0.25229013891802704,0.0918749999999999,0
7.84999999999998,0.24900461653712982,0.10374999999999998,0
7.89999999999998,0.2253263512747224,0.09953124999999999,0
7.94999999999998,0.2303394729032093,0.11734375000000015,0
7.99999999999998,0.24412270421517135,0.1079687500000001,0
8.04999999999998,0.7910626674370462,0.22921875000000003,0
8.09999999999998,0.790264017944002,0.2210937500000001,0
8.14999999999998,0.7831963781475716,0.20187500000000003,0
8.199999999999982,0.7768261972752348,0.18281249999999988,0
8.249999999999982,0.768573588528719,0.19468750000000024,0
8.299999999999983,0.764974876602864,0.12296875000000011,0
8.349999999999984,0.7620751024822643,0.15046875000000004,0
8.399999999999984,0.7494435718511702,0.0943749999999999,0
8.449999999999985,0.7399319432770868,0.12343750000000012,0
8.499999999999986,0.7283649282584692,0.11296875000000002,0
8.549999999999986,0.7166511509854656,0.12265625000000016,0
8.599999999999987,0.7038357459750867,0.1715625000000002,0
8.649999999999988,0.7006544063481797,0.10859375000000004,0
8.699999999999989,0.6822710542079213,0.15000000000000002,0
8.74999999999999,0.6685963782765294,0.12406250000000014,0
8.79999999999999,0.657400589697844,0.10390625,0
8.84999999999999,0.6397803469864782,0.0846874999999999,0
8.899999999999991,0.6169534218615125,0.13093749999999987,0
8.949999999999992,0.6004757639915737,0.11281250000000001,0
8.999999999999993,0.5796824388638535,0.11265625000000001,0
9.049999999999994,0.7478867808911581,0.2335937499999999,0
9.099999999999994,0.7326512762594222,0.20625000000000018,0
9.149999999999995,0.7196187718429898,0.24203125000000006,0
9.199999999999996,0.7026457968251434,0.171875,0
9.249999999999996,0.6832961196763089,0.20375000000000015,0
9.299999999999997,0.6666837680335904,0.11343750000000001,0
9.349999999999998,0.6495639883445333,0.12265625,0
9.399999999999999,0.6329370111666751,0.1121875,0
9.45,0.6147635609626417,0.18531250000000016,0
9.5,0.5933417543180146,0.1317187499999999,0
9.55,0.576282935875943,0.11234374999999999,0
9.600000000000001,0.5580309237634664,0.12171875000000001,0
9.650000000000002,0.537112899792368,0.11312499999999999,0
9.700000000000003,0.5126142279522758,0.12921874999999994,0
9.750000000000004,0.4883492627953412,0.13953125000000013,0
9.800000000000004,0.46447247542867764,0.11453125000000001,0
9.850000000000005,0.4397323947842512,0.13609375000000015,0
9.900000000000006,0.4067240988483375,0.12203125000000001,0
9.950000000000006,0.3810301543071796,0.17203124999999983,0
10.000000000000007,0.5994765287807858,0.23656249999999973,0
10.050000000000008,0.5874040225965597,0.18125,0
10.100000000000009,0.5802691291480728,0.2228125,0
10.15000000000001,0.5726942380756174,0.17937499999999998,0
10.20000000000001,0.5573719216713324,0.17874999999999996,0
10.25000000000001,0.5314026066213183,0.20390624999999987,0
10.300000000000011,0.5011092027099666,0.17687499999999998,0
10.350000000000012,0.4823498401821554,0.12328125000000001,0
10.400000000000013,0.4562518056830435,0.14296874999999987,0
10.450000000000014,0.44956243934142615,0.13359374999999998,0
10.500000000000014,0.4213241812954613,0.12546875000000002,0
10.550000000000015,0.39962484759639455,0.12484375,0
10.600000000000016,0.366640374894062,0.14296874999999987,0
10.650000000000016,0.3320928921831529,0.14265624999999987,0
10.700000000000017,0.321376093774396,0.12515625000000002,0
10.750000000000018,0.30581854238850564,0.13374999999999998,0
10.800000000000018,0.260200728096201,0.1340625,0
10.85000000000002,0.23848632689134983,0.1681250000000001,0
10.90000000000002,0.21706887108040043,0.14296874999999987,0
10.95000000000002,0.21578386950507203,0.13374999999999998,0
11.000000000000021,0.5618742264727802,0.20234374999999988,0
11.050000000000022,0.5676679037120566,0.18499999999999983,0
11.100000000000023,0.5447189910565474,0.18453124999999984,0
11.150000000000023,0.5276923949054413,0.1403125,0
11.200000000000024,0.5208242900410911,0.18406249999999985,0
11.250000000000025,0.5163477956652942,0.20046874999999983,0
11.300000000000026,0.48570808257464865,0.11953125000000002,0
11.350000000000026,0.4428884980473656,0.14687500000000017,0
11.400000000000027,0.4080630786947438,0.13203125000000007,0
11.450000000000028,0.3896442814309545,0.13765624999999998,0
11.500000000000028,0.3488847014975572,0.11406249999999991,0
11.55000000000003,0.34929448941954566,0.1137499999999999,0
11.60000000000003,0.3560515293477972,0.14734375000000016,0
11.65000000000003,0.3258739395313545,0.15265625000000016,0
11.700000000000031,0.2820850178044475,0.1470312500000002,0
11.750000000000032,0.24557299923783607,0.11062499999999993,0
11.800000000000033,0.21813208303406711,0.1554687499999999,0
11.850000000000033,0.16911237968055862,0.11937500000000001,0
11.900000000000034,0.20491363376404934,0.1470312500000002,0
11.950000000000035,0.18528664192208924,0.11953125000000002,0
12.000000000000036,0.3882296312865611,0.17374999999999982,0
12.050000000000036,0.36847247112133114,0.18124999999999997,0
12.100000000000037,0.33857039212454254,0.20703124999999986,0
12.150000000000038,0.31710709229172956,0.21500000000000016,0
12.200000000000038,0.31392888219450743,0.19843750000000013,0
12.250000000000039,0.30295104227229486,0.12703125,0
12.30000000000004,0.30619973582919985,0.10187500000000002,0
12.35000000000004,0.28234827094124015,0.1442187499999999,0
12.400000000000041,0.2509873648946807,0.14312499999999984,0
12.450000000000042,0.23001889762184582,0.12843750000000004,0
12.500000000000043,0.20368613471498573,0.14609374999999986,0
12.550000000000043,0.1661226245007975,0.13562499999999994,0
12.600000000000044,0.15726652116812717,0.10890625000000012,0
12.650000000000045,0.6673922308594589,0.11718749999999985,0
12.700000000000045,0.6564853183164404,0.15187500000000012,0
12.750000000000046,0.6436329646417556,0.1525000000000001,0
12.800000000000047,0.6368515576831858,0.1510937500000001,0
12.850000000000048,0.6089297201320472,0.14203124999999986,0
12.900000000000048,0.5875514894074532,0.12718749999999998,0
12.950000000000049,0.5719208679438993,0.14249999999999988,0
13.00000000000005,0.6919547743166607,0.2003124999999998,0
13.05000000000005,0.6938340363514558,0.1934375000000001,0
13.100000000000051,0.6950545590066551,0.16562500000000013,0
13.150000000000052,0.6831303194163927,0.18218749999999972,0
13.200000000000053,0.6999307151468422,0.16437500000000016,0
13.250000000000053,0.6935167068956865,0.18203124999999978,0
13.300000000000054,0.7091026120470624,0.13421874999999991,0
13.350000000000055,0.6487323947639813,0.13484374999999993,0
13.400000000000055,0.61284403008438,0.16343750000000018,0
13.450000000000056,0.5986643271219425,0.13484374999999993,0
13.500000000000057,0.5665544886590532,0.16203125000000015,0
13.550000000000058,0.535141326823658,0.1517187499999998,0
13.600000000000058,0.508174349680525,0.1721875,0
13.650000000000059,0.4915831657127944,0.14453125000000014,0
13.70000000000006,0.47155981289987053,0.16171875000000016,0
13.75000000000006,0.44605807213940896,0.11859375000000003,0
13.800000000000061,0.4156073389683053,0.114375,0
13.850000000000062,0.3810676541110637,0.10515624999999988,0
13.900000000000063,0.37752842192492253,0.14406250000000018,0
13.950000000000063,0.3809068878483035,0.10531249999999988,0
14.000000000000064,0.8061972456774957,0.27921874999999996,0
14.050000000000065,0.8133374360149735,0.2184375,0
14.100000000000065,0.8137045086133631,0.21328125000000023,0
14.150000000000066,0.8122751587078018,0.20765625000000024,0
14.200000000000067,0.8046535608643239,0.23375000000000004,0
14.250000000000068,0.7961966800112541,0.24250000000000002,0
14.300000000000068,0.7969145225603899,0.11390625000000001,0
14.350000000000069,0.787260444373615,0.14390624999999982,0
14.40000000000007,0.784660656895303,0.10406249999999995,0
14.45000000000007,0.7812567544965301,0.17265624999999984,0
14.500000000000071,0.7742561024295751,0.16734374999999985,0
14.550000000000072,0.7669318074323722,0.13390625000000017,0
14.600000000000072,0.750602499726469,0.12328125000000001,0
14.650000000000073,0.9999998473649114,0.11453125000000001,0
14.700000000000074,0.9999998232900541,0.11374999999999998,0
14.750000000000075,0.7142017115322042,0.14453124999999983,0
14.800000000000075,0.7088722215424076,0.13468750000000015,0
14.850000000000076,0.7001668658798134,0.13500000000000015,0
14.900000000000077,0.67614552562338,0.1446874999999998,0
14.950000000000077,0.6379134295337833,0.12484375000000003,0
15.000000000000078,0.8122847457722838,0.13140624999999997,0
15.050000000000079,0.8005702651895497,0.15703125,0
15.10000000000008,0.7981374508235736,0.1765625000000002,0
15.15000000000008,0.7980706896125495,0.14453125000000008,0
15.200000000000081,0.7901566714443656,0.12578125000000012,0
15.250000000000082,0.9999998983264591,0.15375000000000003,0
15.300000000000082,0.9999998437564747,0.11328125000000003,0
15.350000000000083,0.7516955860591898,0.12640625000000016,0
15.400000000000084,0.7308156113920328,0.07593750000000002,0
15.450000000000085,0.7411603397076004,0.11390625000000003,0
15.500000000000085,0.7248771725427653,0.15375,0
15.550000000000086,0.7184214056451884,0.1464062500000001,0
15.600000000000087,0.9999997563053956,0.13328124999999985,0
15.650000000000087,0.6784265863023428,0.12515625000000014,0
15.700000000000088,0.9999997949457812,0.1475000000000001,0
15.750000000000089,0.9999997767258263,0.11421875000000004,0
15.80000000000009,0.7103707039813701,0.12468750000000015,0
15.85000000000009,0.7068453357833444,0.15546875,0
15.900000000000091,0.6291296136813462,0.1437500000000001,0
15.950000000000092,0.9999995944826836,0.1351562499999998,0
16.000000000000092,0.7998001006497847,0.17078124999999983,0
16.050000000000093,0.7951215230505553,0.14375000000000004,0
16.100000000000094,0.7911249646054982,0.1615624999999999,0
16.150000000000095,0.7890318990653106,0.1720312500000002,0
16.200000000000095,0.7868464008469561,0.20187499999999997,0
16.250000000000096,0.7843996455823704,0.20937499999999973,0
16.300000000000097,0.7841006517606973,0.0646875000000001,0
16.350000000000097,0.9999999329932339,0.09828124999999993,0
16.400000000000098,0.9999998344701051,0.08234374999999998,0
16.4500000000001,0.9999999092157021,0.13546874999999983,0
16.5000000000001,0.7497665087557124,0.12359375000000014,0
16.5500000000001,0.7404504935049944,0.11265625000000004,0
16.6000000000001,0.734053600620387,0.12250000000000016,0
16.6500000000001,0.9999998446568686,0.12375000000000014,0
16.700000000000102,0.9999997865636271,0.1509375,0
16.750000000000103,0.7148480451924855,0.11203125000000003,0
16.800000000000104,0.9999998227053223,0.10203125000000002,0
16.850000000000104,0.6940213333944956,0.11015625000000007,0
16.900000000000105,0.6901553255845689,0.11125000000000004,0
16.950000000000106,0.6782528376707113,0.12203125000000017,0
17.000000000000107,0.8966808538279569,0.1806250000000002,0
17.050000000000107,0.9999999527262613,0.14156250000000004,0
17.100000000000108,0.8943438639483389,0.19093750000000023,0
17.15000000000011,0.8913391873814067,0.20890624999999977,0
17.20000000000011,0.8889883215916606,0.17234375000000018,0
17.25000000000011,0.8858333497686562,0.11062500000000004,0
17.30000000000011,0.999999999999904,0.11875000000000016,0
17.35000000000011,0.9999999999998955,0.10921875000000007,0
17.400000000000112,0.999999999999891,0.11984375000000017,0
17.450000000000113,0.8754484328560626,0.11000000000000007,0
17.500000000000114,0.8714954358660165,0.13015624999999983,0
17.550000000000114,0.8683912819764056,0.12000000000000015,0
17.600000000000115,0.8643125221593682,0.09906250000000001,0
17.650000000000116,0.8604005890925082,0.0885937499999999,0
17.700000000000117,0.8559359036912169,0.1490625,0
17.750000000000117,0.9999999184097885,0.11921875000000018,0
17.800000000000118,0.8438946424631771,0.11921875000000015,0
17.85000000000012,0.8417424435253748,0.08984374999999992,0
17.90000000000012,0.8368244382087562,0.11843750000000017,0
17.95000000000012,0.8308276708147192,0.11828125000000016,0
18.00000000000012,0.8231833130379879,0.13984375000000004,0
18.05000000000012,0.8135369855321188,0.14046875000000003,0
18.100000000000122,0.8076250427924649,0.12140625000000013,0
18.150000000000123,0.7960028621773165,0.12906249999999983,0
18.200000000000124,0.7850892138422649,0.13140624999999984,0
18.250000000000124,0.7762950690343305,0.12578125000000012,0
18.300000000000125,0.7680536011115005,0.059843750000000064,0
18.350000000000126,0.7555735262538137,0.11156250000000004,0
18.400000000000126,0.9999998542523215,0.11125000000000004,0
18.450000000000127,0.7392153529703402,0.11906250000000014,0
18.500000000000128,0.7226326029540595,0.13968750000000002,0
18.55000000000013,0.7052600110343116,0.10234375,0
18.60000000000013,0.6908420020484796,0.10953125000000004,0
18.65000000000013,0.6773837870576298,0.11921875000000012,0
18.70000000000013,0.6579380250693972,0.12781249999999983,0
18.75000000000013,0.6289703394895778,0.0910937499999999,0
18.800000000000132,0.9999999999998886,0.11875000000000013,0
18.850000000000133,0.9999999999998856,0.1207812500000001,0
18.900000000000134,0.9999999999998725,0.07968749999999998,0
18.950000000000134,0.6285816371692577,0.12906249999999983,0
19.000000000000135,0.9077862440101607,0.22421874999999974,0
19.050000000000136,0.9999999999999921,0.16703124999999983,0
19.100000000000136,0.8966158427732582,0.20796874999999998,0
19.150000000000137,0.9999999999999913,0.1837499999999998,0
19.200000000000138,0.8889787784050679,0.20546875,0
19.25000000000014,0.885267030078382,0.20484374999999994,0
19.30000000000014,0.8823541984761846,0.15343749999999998,0
19.35000000000014,0.8785904293118493,0.10906249999999998,0
19.40000000000014,0.8751821234800371,0.1159375,0
19.45000000000014,0.9999999999999714,0.1351562499999998,0
19.500000000000142,0.8700286936690268,0.10703124999999998,0
19.550000000000143,0.8715685061362857,0.12421875000000013,0
19.600000000000144,0.9999999295295224,0.13203124999999982,0
19.650000000000144,0.8604373454013545,0.1270312500000001,0
19.700000000000145,0.860916036168157,0.11468750000000001,0
19.750000000000146,0.8501032907792535,0.11265624999999999,0
19.800000000000146,0.8443123102565039,0.11781250000000001,0
19.850000000000147,0.8382608340471052,0.09374999999999992,0
19.900000000000148,0.8286207198819582,0.1340624999999998,0
19.95000000000015,0.8213247189563474,0.13218749999999982,0
20.00000000000015,0.8826928896169712,0.16234374999999998,0
20.05000000000015,0.8798196056501014,0.13890624999999987,0
20.10000000000015,0.877478911856669,0.15375,0
20.15000000000015,0.8730611905331497,0.14578125000000014,0
20.200000000000152,0.9999999423183396,0.16437499999999983,0
20.250000000000153,0.9999999999998925,0.19109375000000023,0
20.300000000000153,0.9999999999998876,0.12546875000000018,0
20.350000000000154,0.8550907402189147,0.15375,0
20.400000000000155,0.8461318520231742,0.13499999999999984,0
20.450000000000156,0.9999999259437401,0.13499999999999981,0
20.500000000000156,0.8277700441872856,0.16531249999999983,0
20.550000000000157,0.8226045734105958,0.07625000000000008,0
20.600000000000158,0.9999999183916727,0.07812500000000008,0
20.65000000000016,0.9999999131342102,0.09703124999999992,0
20.70000000000016,0.9999999999998214,0.11500000000000003,0
20.75000000000016,0.7808907407693378,0.10625,0
20.80000000000016,0.7647770404237559,0.09656249999999991,0
20.85000000000016,0.9999999999997736,0.10734375,0
20.900000000000162,0.7370455654157485,0.08953124999999988,0
20.950000000000163,0.9999998317467892,0.10750000000000001,0
21.000000000000163,0.9999999572609277,0.17296874999999984,0
21.050000000000164,0.9175377376795657,0.17968749999999978,0
21.100000000000165,0.91397514382781,0.1706250000000002,0
21.150000000000166,0.9104572773463828,0.1695312500000002,0
21.200000000000166,0.9999999489899084,0.20140625,0
21.250000000000167,0.9047805216719408,0.1382812500000001,0
21.300000000000168,0.8999174910817933,0.09484374999999992,0
21.35000000000017,0.8961275390285767,0.06500000000000006,0
21.40000000000017,0.8899378621326051,0.11609375000000018,0
21.45000000000017,0.8833373688772439,0.07640624999999994,0
21.50000000000017,0.8728821203155285,0.11593750000000017,0
21.55000000000017,0.9999999225689342,0.148125,0
21.600000000000172,0.8633669764660904,0.098125,0
21.650000000000173,0.9999999184117659,0.10421875000000011,0
21.700000000000173,0.9999999134285183,0.14656249999999998,0
21.750000000000174,0.9999999031131226,0.10796875000000006,0
21.800000000000175,0.999999888423329,0.09531250000000001,0
21.850000000000176,0.7935321502142987,0.12640624999999986,0
21.900000000000176,0.780341780070622,0.12406249999999988,0
21.950000000000177,0.7639735458314568,0.13609375000000007,0
22.000000000000178,0.8437661604008314,0.1934375000000002,0
22.05000000000018,0.9999998996804657,0.14687499999999998,0
22.10000000000018,0.82507904435877,0.12828124999999985,0
22.15000000000018,0.805595354886687,0.1656250000000002,0
22.20000000000018,0.781446056643449,0.17624999999999977,0
22.25000000000018,0.7661140051482893,0.14874999999999997,0
22.300000000000182,0.999999782469431,0.08296874999999988,0
22.350000000000183,0.7238299030548767,0.08374999999999987,0
22.400000000000183,0.7076485740444632,0.1264062499999998,0
22.450000000000184,0.6796854777671554,0.14453125000000003,0
22.500000000000185,0.6453133456783711,0.11531250000000015,0
22.550000000000185,0.6045659446177674,0.12515624999999986,0
22.600000000000186,0.9999996559857163,0.1042187500000001,0
22.650000000000187,0.9999994933264533,0.11515625000000014,0
22.700000000000188,0.5037522620413402,0.11453125000000013,0
22.75000000000019,0.46545218899133245,0.08328124999999988,0
22.80000000000019,0.3986041297286691,0.12718749999999984,0
22.85000000000019,0.31723655476456625,0.08437499999999985,0
22.90000000000019,0.2513179340387482,0.1051562500000001,0
22.95000000000019,0.9999991350934917,0.14093750000000005,0
23.000000000000192,0.9999998093404164,0.18671874999999974,0
23.050000000000193,0.730892943689329,0.2114062499999997,0
23.100000000000193,0.7294019384784958,0.21015624999999974,0
23.150000000000194,0.7139386413745391,0.17109375000000016,0
23.200000000000195,0.7003150326754645,0.1895312500000002,0
23.250000000000195,0.9999996770321076,0.199375,0
23.300000000000196,0.9999995212208161,0.17624999999999974,0
23.350000000000197,0.6683145550007449,0.08937499999999989,0
23.400000000000198,0.6491529584518374,0.10750000000000007,0
23.4500000000002,0.6363750772463084,0.11703125000000014,0
23.5000000000002,0.6005585231896334,0.07843749999999992,0
23.5500000000002,0.5588303589084965,0.10765625000000005,0
23.6000000000002,0.5393568826849687,0.07796874999999995,0
23.6500000000002,0.9999993554489536,0.08874999999999987,0
23.700000000000202,0.4515003314401337,0.11640625000000013,0
23.750000000000203,0.9999999999970195,0.1273437499999998,0
23.800000000000203,0.9999999999961819,0.14796874999999998,0
23.850000000000204,0.27580342973780103,0.13828125000000005,0
23.900000000000205,0.19902973875378072,0.10953125000000001,0
23.950000000000205,0.10867238321217343,0.12328124999999981,0
24.000000000000206,0.9999999999997663,0.21578124999999973,0
24.050000000000207,0.9999999999997791,0.21968749999999998,0
24.100000000000207,0.7160478262424992,0.14937499999999998,0
24.150000000000208,0.9999999999998211,0.18750000000000017,0
24.20000000000021,0.6429397199774778,0.21890625000000008,0
24.25000000000021,0.5710125157479947,0.18718750000000017,0
24.30000000000021,0.999999827669915,0.13265624999999984,0
24.35000000000021,0.9999998462268644,0.1425,0
24.40000000000021,0.9999997991056016,0.1137500000000001,0
24.450000000000212,0.9999999999918147,0.09203125000000001,0
24.500000000000213,0.9999999999955774,0.07984374999999991,0
24.550000000000214,0.3549088696071953,0.1179687500000001,0
24.600000000000215,0.30647484351515997,0.11296875000000013,0
24.650000000000215,0.33639441163749634,0.059843750000000015,0
24.700000000000216,0.23139125698304686,0.07031249999999997,0
24.750000000000217,0.999999999999179,0.13406250000000003,0
24.800000000000217,0.9999999999986229,0.11125000000000011,0
24.850000000000218,0.9999999999982717,0.12359374999999984,0
24.90000000000022,0.1322143209622014,0.07124999999999997,0
24.95000000000022,0.11044463211599344,0.12468749999999987,0
25.00000000000022,0.46458933720722395,0.20296874999999998,0
25.05000000000022,0.9999996171220988,0.1875000000000002,0
25.10000000000022,0.9999996154172014,0.16499999999999987,0
25.150000000000222,0.37748246314576855,0.16499999999999987,0
25.200000000000223,0.43929177079867227,0.16499999999999987,0
25.250000000000224,0.4313466910352122,0.16499999999999987,1
25.300000000000225,0.4473605180306618,0.16499999999999987,1
25.350000000000225,0.46367293838901885,0.16499999999999987,1
25.400000000000226,0.47644382150021825,0.16499999999999987,1
25.450000000000227,0.48738605810723784,0.16499999999999987,1
25.500000000000227,0.49114044783094607,0.16499999999999987,1
25.550000000000228,0.49675244356940007,0.16499999999999987,1
25.60000000000023,0.49559385311630394,0.16499999999999987,0
25.65000000000023,0.4928090545771631,0.17343749999999986,0
25.70000000000023,0.48907782522037907,0.17343749999999986,0
25.75000000000023,0.48621707609779474,0.6890625,0
25.80000000000023,0.49001194540591864,0.7143750000000001,0
25.850000000000232,0.49224437637529045,0.7050000000000001,0
25.900000000000233,0.4892033814102199,0.70546875,0
25.950000000000234,0.49017238364119586,0.7056250000000001,0
26.000000000000234,0.49271343056027644,0.11781250000000017,0
26.050000000000235,0.4833499977153321,0.10984375000000005,0
26.100000000000236,0.4502250652882979,0.15734374999999987,0
26.150000000000237,0.43912008537126285,0.12859374999999987,0
26.200000000000237,0.4262492149193277,0.11828125000000012,0
26.250000000000238,0.3981989318823397,0.14750000000000002,0
26.30000000000024,0.37627166908443826,0.11656250000000015,0
26.35000000000024,0.34888965076129214,0.09906250000000001,0
26.40000000000024,0.2919958196570828,0.11687500000000015,0
26.45000000000024,0.27017592006600927,0.10687500000000008,0
26.50000000000024,0.2626401708788236,0.09687500000000002,0
26.550000000000242,0.23170421206005476,0.10656250000000009,0
26.600000000000243,0.21728539562808047,0.09640625,0
26.650000000000244,0.21669465641556157,0.08859374999999993,0
26.700000000000244,0.18840642381263445,0.08843749999999992,0
26.750000000000245,0.1609392621520715,0.07031250000000006,0
26.800000000000246,0.11120432849121452,0.09953125,0
26.850000000000247,0.13601487485702682,0.12734374999999987,0
26.900000000000247,0.13043651895008349,0.1370312500000001,0
26.950000000000248,0.12208148876409257,0.11640625000000013,0
27.00000000000025,0.2633793345517677,0.15468749999999995,0
27.05000000000025,0.27404320051559355,0.15390625,0
27.10000000000025,0.25986454738577014,0.13468749999999985,0
27.15000000000025,0.2269899369406912,0.14328125000000008,0
27.20000000000025,0.23494660645149695,0.1882812500000002,0
27.250000000000252,0.23622913636042342,0.17140625000000018,0
27.300000000000253,0.23791112903192518,0.09421874999999993,0
27.350000000000254,0.2374911123340166,0.12328125000000012,0
27.400000000000254,0.22825575147883914,0.15953124999999985,0
27.450000000000255,0.24475189674827857,0.11890625000000013,0
27.500000000000256,0.17075832527138915,0.10375000000000001,0
27.550000000000257,0.168715755897167,0.07625000000000005,0
27.600000000000257,0.16544381162685443,0.08453124999999993,0
27.650000000000258,0.16088577958391342,0.11328125,0
27.70000000000026,0.1532090826875973,0.13265624999999986,0
27.75000000000026,0.15820083684454198,0.113125,0
27.80000000000026,0.1853836214278947,0.1065625,0
27.85000000000026,0.17704195014880833,0.13249999999999984,0
27.90000000000026,0.15614899229650966,0.08359374999999994,0
27.950000000000262,0.12512367917042488,0.10718749999999999,0
28.000000000000263,0.6929439764946576,0.2060937500000002,0
28.050000000000264,0.6976451185896384,0.2053125,0
28.100000000000264,0.6940317187201547,0.1689062499999998,0
28.150000000000265,0.6950293092423756,0.18343749999999984,0
28.200000000000266,0.6841108982721967,0.19468750000000024,0
28.250000000000266,0.6785116432168187,0.1946875000000002,0
28.300000000000267,0.669780966317845,0.10625000000000002,0
28.350000000000268,0.6647357248101998,0.09921874999999993,0
28.40000000000027,0.6656010267329527,0.13453124999999982,0
28.45000000000027,0.6591170374898494,0.08125000000000007,0
28.50000000000027,0.6548902400467562,0.11562500000000002,0
28.55000000000027,0.6455867267823365,0.12515625000000014,0
28.60000000000027,0.6322787432617082,0.10593750000000002,0
28.650000000000272,0.6162291368406719,0.09718749999999993,0
28.700000000000273,0.608860546694906,0.1246875000000001,0
28.750000000000274,0.604652772192831,0.12437500000000012,0
28.800000000000274,0.5977906624718723,0.10484375000000001,0
28.850000000000275,0.5890087797399609,0.12453125000000013,0
28.900000000000276,0.5798806075192104,0.13171874999999986,0
28.950000000000276,0.5694630712369962,0.12546875000000013,0
29.000000000000277,0.695241221687759,0.14218749999999986,0
29.050000000000278,0.692890915356081,0.16406249999999983,0
29.10000000000028,0.686296281206433,0.16468749999999982,0
29.15000000000028,0.6776121236518744,0.18359374999999983,0
29.20000000000028,0.671636502272378,0.17234375000000018,0
29.25000000000028,0.6664458069638469,0.11765624999999998,0
29.30000000000028,0.65955456238713,0.12453125000000013,0
29.350000000000282,0.653842717743463,0.11468749999999997,0
29.400000000000283,0.6425202030421291,0.0942187499999999,0
29.450000000000284,0.635657426436293,0.11890625000000014,0
29.500000000000284,0.6232029792152374,0.11640624999999996,0
29.550000000000285,0.6194261649408853,0.12234375000000015,0
29.600000000000286,0.6013200621902314,0.11515624999999999,0
29.650000000000286,0.5983466884582475,0.10562500000000001,0
29.700000000000287,0.5886168987193942,0.10515625000000002,0
29.750000000000288,0.5792615398009942,0.11546874999999997,0
29.80000000000029,0.5684627164157052,0.10375000000000001,0
29.85000000000029,0.560892403271492,0.08562499999999988,0
29.90000000000029,0.5384226619971382,0.11421875,0
29.95000000000029,0.5262181447900575,0.09265624999999993,0
30.00000000000029,0.7764022853955442,0.18999999999999984,0
30.050000000000292,0.773836452189531,0.1299999999999998,0
30.100000000000293,0.7710430624633329,0.17125000000000018,0
30.150000000000293,0.7688264478449204,0.15015624999999996,0
30.200000000000294,0.7648902137200193,0.18796875000000024,0
30.250000000000295,0.7591841317376706,0.18031249999999982,0
30.300000000000296,0.7538818894465409,0.0876562499999999,0
30.350000000000296,0.7437498154586937,0.1290624999999998,0
30.400000000000297,0.7346482005858661,0.1168750000000001,0
30.450000000000298,0.7289764965386177,0.15921874999999974,0
30.5000000000003,0.7257819476285057,0.11921875000000015,0
30.5500000000003,0.7233149090734314,0.07749999999999986,0
30.6000000000003,0.7137010446432818,0.1131250000000001,0
30.6500000000003,0.702767730420274,0.12796874999999983,0
30.7000000000003,0.6990289527663001,0.1290624999999998,0
30.750000000000302,0.6878446179539853,0.12781249999999983,0
30.800000000000303,0.6797702240347632,0.12749999999999984,0
30.850000000000303,0.6742063993637795,0.09921874999999998,0
30.900000000000304,0.6651855977197114,0.10875000000000005,0
30.950000000000305,0.6583168372365068,0.09671874999999999,0
31.000000000000306,0.6811282626411218,0.12031250000000013,0
31.050000000000306,0.6752517298116584,0.13562500000000008,0
31.100000000000307,0.6664103295458045,0.21578125000000012,0
31.150000000000308,0.657073266427659,0.14437499999999998,0
31.20000000000031,0.6468664780658184,0.1835937500000002,0
31.25000000000031,0.6341661856082245,0.17734374999999983,0
31.30000000000031,0.6291695306347863,0.0676562500000001,0
31.35000000000031,0.6117563814948613,0.08953124999999992,0
31.40000000000031,0.6027272091392464,0.09531250000000001,0
31.450000000000312,0.5917061904983245,0.08531249999999992,0
31.500000000000313,0.5783114114997413,0.14671874999999998,0
31.550000000000313,0.57001045798214,0.10265625000000009,0
31.600000000000314,0.5448990077691869,0.13437500000000008,0
31.650000000000315,0.5410557518740401,0.08531249999999993,0
31.700000000000315,0.5341248546727912,0.06515625000000005,0
31.750000000000316,0.5074750830137732,0.11359375000000016,0
31.800000000000317,0.4863311427225448,0.12234374999999986,0
31.850000000000318,0.4690832862713641,0.08453124999999992,0
31.90000000000032,0.45623874304671336,0.12359374999999984,0
31.95000000000032,0.4387332257532935,0.11375000000000016,0
32.00000000000032,0.727949356983522,0.1720312500000002,0
32.05000000000032,0.7251796188755107,0.16968750000000019,0
32.100000000000314,0.7165125502577064,0.17546874999999984,0
32.15000000000031,0.707414236788875,0.15515624999999983,0
32.20000000000031,0.697878292445895,0.14671875000000004,0
32.250000000000306,0.6907028269501044,0.14562500000000003,0
32.3000000000003,0.6806647245598173,0.1042187500000001,0
32.3500000000003,0.6694903625896778,0.0865624999999999,0
32.4000000000003,0.660314062297708,0.0760937499999999,0
32.450000000000294,0.6422420877439757,0.0756249999999999,0
32.50000000000029,0.6305605232649361,0.11500000000000014,0
32.55000000000029,0.6164053077958387,0.10578125000000008,0
32.600000000000286,0.601110110875275,0.06609375000000005,0
32.65000000000028,0.5880424137732527,0.10687500000000008,0
32.70000000000028,0.5781530309601478,0.10515625000000009,0
32.75000000000028,0.5616781227238161,0.139375,0
32.800000000000274,0.5575047379175088,0.11781250000000014,0
32.85000000000027,0.5482222122202974,0.11453125000000015,0
32.90000000000027,0.5304596260588339,0.1240624999999999,0
32.950000000000266,0.5079821280862932,0.10625000000000007,0
33.00000000000026,0.759355591463326,0.23640624999999998,0
33.05000000000026,0.7581671148370319,0.19578125000000013,0
33.10000000000026,0.7541698434405194,0.17390625000000018,0
33.150000000000254,0.7432261198383362,0.16421874999999983,0
33.20000000000025,0.7330952987731745,0.18093749999999978,0
33.25000000000025,0.7212107059296865,0.17203125000000014,0
33.300000000000246,0.708334827314962,0.14187500000000003,0
33.35000000000024,0.6937545273333725,0.0823437499999999,0
33.40000000000024,0.6800711922608443,0.12281250000000017,0
33.45000000000024,0.6703977554243465,0.13312499999999985,0
33.500000000000234,0.6602211845618207,0.10343750000000003,0
33.55000000000023,0.6476247333485426,0.13234374999999984,0
33.60000000000023,0.6266004636189919,0.13156249999999986,0
33.650000000000226,0.6065664529685041,0.12312500000000015,0
33.70000000000022,0.5878164707933542,0.12171875000000017,0
33.75000000000022,0.5687885361746569,0.13921874999999984,0
33.80000000000022,0.5670486751341444,0.0815624999999999,0
33.850000000000215,0.5601211845227072,0.16234374999999981,0
33.90000000000021,0.5654662761811009,0.0854687499999999,0
33.95000000000021,0.533941571278653,0.13078124999999985,0
34.000000000000206,0.6188969139655143,0.1448437500000001,0
34.0500000000002,0.595941971226105,0.15124999999999997,0
34.1000000000002,0.5729099142918649,0.1003125,0
34.1500000000002,0.5443476574901168,0.13781250000000006,0
34.200000000000195,0.5264694581251577,0.11812500000000012,0
34.25000000000019,0.5084537830110493,0.09953125000000003,0
34.30000000000019,0.4816048120038553,0.11703125000000011,0
34.350000000000186,0.45865666487978146,0.10656250000000007,0
34.40000000000018,0.4365527004624354,0.12968749999999984,0
34.45000000000018,0.4312225464166602,0.10734375000000007,0
34.50000000000018,0.4260708882580764,0.09937500000000002,0
34.550000000000175,0.3880588987012911,0.09156249999999992,0
34.60000000000017,0.3614595023608607,0.12671874999999982,0
34.65000000000017,0.32929663800638176,0.09031249999999992,0
34.700000000000166,0.2909666484831621,0.12859374999999984,0
34.75000000000016,0.24607756878047224,0.12562499999999985,0
34.80000000000016,0.26241689720570566,0.08828124999999992,0
34.85000000000016,0.24808072801262052,0.1206250000000001,0
34.900000000000155,0.21340550671463507,0.13843750000000005,0
34.95000000000015,0.17580218933726502,0.11843750000000011,0
35.00000000000015,0.5149018121614617,0.15125000000000002,0
35.050000000000146,0.5050988916657089,0.1392187500000001,0
35.10000000000014,0.4970759308110405,0.15703124999999987,0
35.15000000000014,0.49276577528773624,0.1654687500000002,0
35.20000000000014,0.4795744946855659,0.1364062500000001,0
35.250000000000135,0.46090295463910824,0.13812500000000008,0
35.30000000000013,0.4402452977724801,0.08671874999999991,0
35.35000000000013,0.4186682542583445,0.144375,0
35.40000000000013,0.39529555786171006,0.10687500000000003,0
35.450000000000124,0.3831345093129859,0.07781249999999992,0
35.50000000000012,0.3748122415898402,0.11531250000000012,0
35.55000000000012,0.31705450355417003,0.10593750000000002,0
35.600000000000115,0.33750383858510996,0.0946875,0
35.65000000000011,0.3202780384114928,0.07765624999999993,0
35.70000000000011,0.30384952263216375,0.13187500000000008,0
35.75000000000011,0.28527398754742084,0.13171875000000008,0
35.800000000000104,0.2763447752775074,0.11593750000000014,0
35.8500000000001,0.26980229490047375,0.0782812499999999,0
35.9000000000001,0.2642296183444065,0.10515625000000002,0
35.950000000000095,0.22164799807247926,0.16937499999999986,0
36.00000000000009,0.6032192950544865,0.2009375000000002,0
36.05000000000009,0.5950942699115124,0.17468750000000016,0
36.10000000000009,0.5727116578424736,0.16515624999999978,0
36.150000000000084,0.5433013187186401,0.19250000000000025,0
36.20000000000008,0.5130455755544607,0.2009375,0
36.25000000000008,0.4960487550972851,0.1937500000000002,0
36.300000000000075,0.4640526803399152,0.1415625000000001,0
36.35000000000007,0.4425420083084982,0.100625,0
36.40000000000007,0.405470838085884,0.08578124999999989,0
36.45000000000007,0.3817108894995181,0.12984374999999987,0
36.500000000000064,0.31857669883189754,0.13249999999999984,0
36.55000000000006,0.32382137905391106,0.09249999999999989,0
36.60000000000006,0.295342665765726,0.10328124999999999,0
36.650000000000055,0.26794210983266126,0.13328124999999985,0
36.70000000000005,0.2429464675973732,0.1403125000000001,0
36.75000000000005,0.20771415898352116,0.08281249999999989,0
36.80000000000005,0.17891065519419871,0.09703124999999989,0
36.850000000000044,0.10841770769422888,0.11078125000000001,0
36.90000000000004,0.1166721304332713,0.08359374999999988,0
36.95000000000004,0.13924494439901602,0.07578125000000009,0
37.000000000000036,0.4303755605375314,0.12078124999999998,0
37.05000000000003,0.41849960484013604,0.12828124999999985,0
37.10000000000003,0.3940361483694276,0.2126562499999997,0
37.15000000000003,0.4013736561085135,0.15078125,0
37.200000000000024,0.39232762913924046,0.12921874999999985,0
37.25000000000002,0.35590598245081606,0.15,0
37.30000000000002,0.34490303848655524,0.13124999999999984,0
37.350000000000016,0.34268269380322036,0.11046875000000003,0
37.40000000000001,0.32360016944366315,0.1484375,0
37.45000000000001,0.2860303740269198,0.11156250000000001,0
37.50000000000001,0.25950908522042293,0.12062500000000013,0
37.550000000000004,0.20484432744451722,0.12749999999999984,0
37.6,0.17632127994647923,0.12937499999999985,0
37.65,0.1337531673821349,0.12843749999999984,0
37.699999999999996,0.12452980059938219,0.11765625000000013,0
37.74999999999999,0.6253373976659438,0.12890624999999983,0
37.79999999999999,0.6297407464119821,0.12156250000000013,0
37.84999999999999,0.6117700149968104,0.05984375000000007,0
37.899999999999984,0.59338070515784,0.11906250000000014,0
37.94999999999998,0.5734503880134997,0.10531249999999999,0
37.99999999999998,0.5596927335831674,0.0898437499999999,0
38.049999999999976,0.6750635782933043,0.20921874999999987,0
38.09999999999997,0.645605272765185,0.20203125000000002,0
38.14999999999997,0.6151554637763971,0.2207812500000001,0
38.19999999999997,0.5814145218320362,0.22062500000000013,0
38.249999999999964,0.5660845315179669,0.2200000000000001,0
38.29999999999996,0.6179784161802268,0.10046874999999995,0
38.34999999999996,0.5784274679564504,0.09203124999999991,0
38.399999999999956,0.6096781526258623,0.11968750000000013,0
38.44999999999995,0.6405519121538708,0.10078124999999998,0
38.49999999999995,0.6344404555864908,0.09999999999999999,0
38.54999999999995,0.5934400646702337,0.14937500000000004,0
38.599999999999945,0.5502935299291151,0.11171875,0
38.64999999999994,0.5678768421946518,0.1295312499999999,0
38.69999999999994,0.5584129224065552,0.10968750000000001,0
38.749999999999936,0.5396176657396944,0.12250000000000008,0
38.79999999999993,0.5087033711853524,0.10984374999999999,0
38.84999999999993,0.4772507503427531,0.10890625000000001,0
38.89999999999993,0.450983339014925,0.11078125000000001,0
38.949999999999925,0.43476058307119897,0.09890624999999999,0
38.99999999999992,0.40043048277359067,0.11953125000000013,0
39.04999999999992,0.5493572519136313,0.1323437500000001,0
39.099999999999916,0.538312115325217,0.18265624999999983,0
39.14999999999991,0.523720369341611,0.17359375000000013,0
39.19999999999991,0.5102377934573901,0.17203125000000014,0
39.24999999999991,0.5008473841958316,0.18062499999999984,0
39.299999999999905,0.4921988571214726,0.1075,0
39.3499999999999,0.4357004341843255,0.0981249999999999,0
39.3999999999999,0.4069606462663444,0.07875000000000006,0
39.449999999999896,0.3774934332197322,0.11578124999999999,0
39.49999999999989,0.37276367251613424,0.0918749999999999,0
39.54999999999989,0.3554830723548087,0.10765624999999998,0
39.59999999999989,0.35865634047596207,0.09765624999999992,0
39.649999999999885,0.30238711292226694,0.07125000000000005,0
39.69999999999988,0.22861209245899458,0.08999999999999989,0
39.74999999999988,0.25440460117327884,0.16687500000000013,0
39.799999999999876,0.22290805847825307,0.13562499999999988,0
39.84999999999987,0.2235742174556777,0.11953124999999998,0
39.89999999999987,0.22342647734496324,0.1007812499999999,0
39.94999999999987,0.9999992951998538,0.10921874999999999,0
39.999999999999865,0.22731681417193847,0.15343749999999998,0
40.04999999999986,0.755358874712587,0.15937500000000002,0
40.09999999999986,0.7477464961222935,0.18640624999999988,0
40.14999999999986,0.7384693481629278,0.16906249999999987,0
40.199999999999854,0.7349577443924651,0.17656250000000015,0
40.24999999999985,0.7309584033465173,0.17750000000000016,0
40.29999999999985,0.7267442555878609,0.11484375,0
40.349999999999845,0.7174525723130377,0.12984375000000012,0
40.39999999999984,0.7061797245871876,0.12187500000000002,0
40.44999999999984,0.7015653065805243,0.10328124999999992,0
40.49999999999984,0.6874625177508437,0.12062500000000002,0
40.549999999999834,0.6827906691936654,0.09499999999999989,0
40.59999999999983,0.6762640050232905,0.08421875000000006,0
40.64999999999983,0.6707418766817338,0.13109375000000015,0
40.699999999999825,0.6722623950573828,0.10296874999999991,0
40.74999999999982,0.6473498099820992,0.1125,0
40.79999999999982,0.6359885243085255,0.11187499999999999,0
40.84999999999982,0.6151990173574438,0.13906249999999992,0
40.899999999999814,0.6065111519796564,0.1121875,0
40.94999999999981,0.5954371905941466,0.0937499999999999,0
40.99999999999981,0.5803660305449575,0.11265625000000001,0
41.049999999999805,0.8724852102236658,0.19093749999999982,0
41.0999999999998,0.8684773302607124,0.20812499999999995,0
41.1499999999998,0.8612783605173563,0.17953125000000014,0
41.1999999999998,0.8556329612819507,0.2603124999999997,0
41.249999999999794,0.8535695974894214,0.18703124999999982,0
41.29999999999979,0.8524116335752773,0.0951562500000001,0
41.34999999999979,0.8508457445813065,0.15000000000000013,0
41.399999999999785,0.8471515960054319,0.1209375,0
41.44999999999978,0.839336091864824,0.1234375,0
41.49999999999978,0.8336601274887673,0.11343750000000001,0
41.54999999999978,0.8249587001127626,0.1498437500000001,0
41.599999999999774,0.8206501452379128,0.11343750000000001,0
41.64999999999977,0.8162508654574323,0.12015624999999999,0
41.69999999999977,0.815834359200645,0.13218750000000012,0
41.749999999999766,0.8083674236384158,0.1406249999999999,0
41.79999999999976,0.7933501725376939,0.13171875000000013,0
41.84999999999976,0.7842414373082618,0.11515625000000003,0
41.89999999999976,0.7742536182749132,0.15999999999999998,0
41.949999999999754,0.7691489513518723,0.13171875000000016,0
41.99999999999975,0.7637577657032363,0.10531249999999996,0
42.04999999999975,0.8296899944456834,0.15874999999999986,0
42.099999999999746,0.8208394828638245,0.15718749999999987,0
42.14999999999974,0.8115611320842238,0.15000000000000013,0
42.19999999999974,0.8041146272740058,0.16515625000000017,0
42.24999999999974,0.7938614604111466,0.16578125000000016,0
42.299999999999734,0.7895651780581041,0.1303125,0
42.34999999999973,0.7846346397955146,0.13828124999999994,0
42.39999999999973,0.7804951466035696,0.15265624999999985,0
42.449999999999726,0.7732207789672422,0.14421875000000012,0
42.49999999999972,0.7619385190954935,0.11390624999999992,0
42.54999999999972,0.7411087331970563,0.13078125,0
42.59999999999972,0.7218862896436437,0.13109374999999998,0
42.649999999999714,0.715702600231331,0.15593749999999984,0
42.69999999999971,0.7087906038763678,0.15546874999999985,0
42.74999999999971,0.6996052134350477,0.15624999999999986,0
42.799999999999706,0.6848707675810463,0.14671875000000015,0
42.8499999999997,0.6476520533083702,0.12203125000000001,0
42.8999999999997,0.620585570095467,0.10093750000000008,0
42.9499999999997,0.5845731264412145,0.12187500000000002,0
42.999999999999694,0.5751969342570619,0.14640625000000013,0
43.04999999999969,0.914544205525649,0.19937500000000022,0
43.09999999999969,0.9133899055369112,0.1967187500000002,0
43.149999999999686,0.912354242177216,0.2123437500000002,0
43.19999999999968,0.9092261099916789,0.2057812499999999,0
43.24999999999968,0.9069486497851212,0.21203125000000025,0
43.29999999999968,0.9045974770547663,0.19390625000000017,0
43.349999999999675,0.9027007097889427,0.12593750000000006,0
43.39999999999967,0.9007823886582857,0.13437500000000002,0
43.44999999999967,0.8979312429614359,0.16062499999999985,0
43.499999999999666,0.9000429292693669,0.1424999999999999,0
43.54999999999966,0.8909231785749145,0.1424999999999999,0
43.59999999999966,0.8882000563747199,0.1429687499999999,0
43.64999999999966,0.8841543058299458,0.1432812499999999,0
43.699999999999655,0.8806550369663684,0.12640625000000005,0
43.74999999999965,0.8765161828064363,0.1428124999999999,0
43.79999999999965,0.8723576725935448,0.15218750000000017,0
43.849999999999646,0.8767466920887529,0.12671875000000005,0
43.89999999999964,0.862526845804317,0.1185937499999999,0
43.94999999999964,0.8594249400458743,0.12828125000000007,0
43.99999999999964,0.8528842105065377,0.1426562499999999,0
44.049999999999635,0.9373241683566977,0.1984375000000002,0
44.09999999999963,0.9360859684421117,0.19656250000000017,0
44.14999999999963,0.9999999999999959,0.18046875,0
44.199999999999626,0.9306437916924593,0.19781250000000022,0
44.24999999999962,0.930672301159367,0.1882812499999998,0
44.29999999999962,0.9266341035699567,0.14249999999999985,0
44.34999999999962,0.924098056865453,0.14906250000000013,0
44.399999999999615,0.9211839546302125,0.1237500000000001,0
44.44999999999961,0.9184534939596614,0.14249999999999985,0
44.49999999999961,0.9173097851675198,0.17656249999999998,0
44.549999999999606,0.9105489227056577,0.130625,0
44.5999999999996,0.9060125271073366,0.14093749999999985,0
44.6499999999996,0.9007645829291847,0.14312499999999986,0
44.6999999999996,0.895974043812622,0.12515625000000008,0
44.749999999999595,0.8910633605106061,0.14296874999999987,0
44.79999999999959,0.8859147158423787,0.14281249999999984,0
44.84999999999959,0.8818412147573785,0.21234375000000022,0
44.89999999999959,0.8733703116329927,0.1264062500000001,0
44.949999999999584,0.8676691480180103,0.1250000000000001,0
44.99999999999958,0.859985067701098,0.15140625000000016,0
45.04999999999958,0.9202342659021181,0.2056249999999999,0
45.099999999999575,0.9166774954683259,0.2060937499999999,0
45.14999999999957,0.9134684337036921,0.21281250000000024,0
45.19999999999957,0.9093812701868741,0.19546875000000025,0
45.24999999999957,0.9053556772953215,0.18156250000000007,0
45.299999999999564,0.8998731109527156,0.13406250000000003,0
45.34999999999956,0.8954093768430723,0.1421874999999999,0
45.39999999999956,0.8906498865221778,0.16968750000000027,0
45.449999999999555,0.8843086061272512,0.1589062499999999,0
45.49999999999955,0.877811286171608,0.1521875000000002,0
45.54999999999955,0.870544583737923,0.11531249999999989,0
45.59999999999955,0.8618594576855386,0.16921875000000025,0
45.649999999999544,0.8542311488531054,0.12312500000000001,0
45.69999999999954,0.8450662330010522,0.13234375,0
45.74999999999954,0.8347097531421056,0.1542187500000002,0
45.799999999999535,0.8224315500869563,0.13218750000000004,0
45.84999999999953,0.8084677576156531,0.12375,0
45.89999999999953,0.7918225742968653,0.13062500000000005,0
45.94999999999953,0.774898652132306,0.13343750000000001,0
45.999999999999524,0.760031760377371,0.1673437500000002,0
46.04999999999952,0.9098329854156981,0.22265625,0
46.09999999999952,0.9088975078272538,0.2035937499999998,0
46.149999999999515,0.9042680620170459,0.23203124999999974,0
46.19999999999951,0.8994355840295202,0.22609374999999982,0
46.24999999999951,0.9999999574542149,0.22312500000000002,0
46.29999999999951,0.8895162488724583,0.1553124999999998,0
46.349999999999504,0.8844163175081281,0.14656250000000018,0
46.3999999999995,0.8799225050614983,0.12968749999999998,0
46.4499999999995,0.8752677472995497,0.1567187499999998,0
46.499999999999496,0.867511227360483,0.11859374999999991,0
46.54999999999949,0.8583663207091043,0.13734374999999993,0
46.59999999999949,0.8509162793820041,0.14625000000000016,0
46.64999999999949,0.8431877308602954,0.173125,0
46.699999999999484,0.8338107270774117,0.11999999999999995,0
46.74999999999948,0.8265455886252183,0.12796875,0
46.79999999999948,0.8188188178165432,0.14656250000000018,0
46.849999999999476,0.8034848078551993,0.1564062499999998,0
46.89999999999947,0.786977080460975,0.1546874999999998,0
46.94999999999947,0.9999998805096635,0.14593750000000016,0
46.99999999999947,0.7498849907234346,0.1376562499999999,0
47.049999999999464,0.8993294896483174,0.16796875,0
47.09999999999946,0.89323909885225,0.16843749999999996,0
47.14999999999946,0.8885275302459457,0.18406250000000016,0
47.199999999999456,0.8795234753472219,0.1850000000000002,0
47.24999999999945,0.8693260721219191,0.17640624999999982,0
47.29999999999945,0.8610111916395591,0.1454687499999998,0
47.34999999999945,0.8521712881238866,0.1357812500000001,0
47.399999999999444,0.8416210532978341,0.12390624999999993,0
47.44999999999944,0.8335564395000336,0.1550000000000001,0
47.49999999999944,0.8241421712108519,0.13437500000000013,0
47.549999999999436,0.8092065152698118,0.08453125000000006,0
47.59999999999943,0.7919908828421359,0.12265624999999995,0
47.64999999999943,0.7703141055396049,0.12484374999999992,0
47.69999999999943,0.7519645534944664,0.09531249999999987,0
47.749999999999424,0.730909856784185,0.12328124999999993,0
47.79999999999942,0.7121414231688076,0.12499999999999992,0
47.84999999999942,0.694062783306517,0.11437499999999998,0
47.899999999999416,0.6581114365271784,0.1354687500000001,0
47.94999999999941,0.6187725736538923,0.14406249999999984,0
47.99999999999941,0.58117869842943,0.12468749999999992,0
48.04999999999941,0.8626946333961955,0.23203124999999997,0
48.099999999999405,0.8545481241187882,0.2510937500000002,0
48.1499999999994,0.8425415041516465,0.20796874999999995,0
48.1999999999994,0.8334626468367814,0.27671874999999985,0
48.249999999999396,0.8130277962918069,0.2209374999999997,0
48.29999999999939,0.7883945602109863,0.12140625000000001,0
48.34999999999939,0.9999998980894599,0.09937499999999994,0
48.39999999999939,0.7278290517169003,0.11859375000000001,0
48.449999999999385,0.6947483020245302,0.12234375000000001,0
48.49999999999938,0.6534585968041506,0.1278125000000001,0
48.54999999999938,0.6201112779957028,0.11921875000000001,0
48.599999999999376,0.5608138914564313,0.10921875,0
48.64999999999937,0.47592520387190806,0.13828124999999986,0
48.69999999999937,0.3833773644718709,0.11937500000000001,0
48.74999999999937,0.3608785507608765,0.10968750000000001,0
48.799999999999365,0.32713464453960617,0.08984374999999993,0
48.84999999999936,0.2675361777882954,0.09187499999999996,0
48.89999999999936,0.22636252373305688,0.13921874999999986,0
48.949999999999356,0.20446871403885242,0.10984375000000002,0
48.99999999999935,0.16298126943067137,0.08999999999999994,0
49.04999999999935,0.647770063442116,0.14812500000000012,0
49.09999999999935,0.6308953511560111,0.18562499999999985,0
49.149999999999345,0.6195071819248674,0.16781249999999986,0
49.19999999999934,0.6069103545457257,0.1500000000000001,0
49.24999999999934,0.5915532126387198,0.17593750000000014,0
49.299999999999336,0.5581258334545042,0.11765625000000002,0
49.34999999999933,0.5169685392559324,0.09890624999999993,0
49.39999999999933,0.4541740537757433,0.1364062499999999,0
49.44999999999933,0.410318390151418,0.11765625000000002,0
49.499999999999325,0.40523006710050613,0.12718750000000012,0
49.54999999999932,0.40175353641921047,0.10875000000000001,0
49.59999999999932,0.37128301543295505,0.08921874999999994,0
49.64999999999932,0.33243669038997564,0.1254687500000001,0
49.699999999999314,0.30337814628811494,0.08968749999999995,0
49.74999999999931,0.19926514230015685,0.10031249999999994,0
49.79999999999931,0.12919718047323225,0.13671874999999986,0
49.849999999999305,0.10956464173657472,0.13296874999999989,0
49.8999999999993,0.15092510903985304,0.10046874999999993,0
49.9499999999993,0.15092510903985304,0.11734375000000004,0
49.9999999999993,0.1501239663668475,0.08140625000000005,0
50.049999999999294,0.5712661489687403,0.15406250000000013,0
50.09999999999929,0.5166733504476565,0.1775000000000001,0
50.14999999999929,0.5193223565819352,0.1521875000000001,0
50.199999999999285,0.5197483204221528,0.2131249999999998,0
50.24999999999928,0.5052375777695378,0.1679687499999998,0
50.29999999999928,0.46595346233110924,0.14828125000000011,0
50.34999999999928,0.4458277787793532,0.13062500000000007,0
50.399999999999274,0.4413825710985024,0.13078125000000013,0
50.44999999999927,0.42705096944954607,0.09124999999999989,0
50.49999999999927,0.4084867417089461,0.11906249999999999,0
50.549999999999265,0.38401410740565983,0.10281249999999993,0
50.59999999999926,0.37039753562786903,0.15484374999999997,0
50.64999999999926,0.3440327215088161,0.10953125,0
50.69999999999926,0.3182861854654971,0.11296874999999999,0
50.749999999999254,0.29156069087399783,0.12046874999999997,0
50.79999999999925,0.25968922037747005,0.12015624999999996,0
50.84999999999925,0.24978259706649217,0.1109375,0
50.899999999999245,0.24387377992216397,0.12906250000000014,0
50.94999999999924,0.20769156234632843,0.16656249999999984,0
50.99999999999924,0.1952309043443737,0.09296874999999989,0
51.04999999999924,0.3822594362749952,0.15265625,0
51.099999999999234,0.37306753363065376,0.1632812499999998,0
51.14999999999923,0.3593642814039392,0.16171874999999986,0
51.19999999999923,0.34647899954484124,0.14187500000000014,0
51.249999999999226,0.35812052075844375,0.1121875,0
51.29999999999922,0.36227688274542974,0.0734375000000001,0
51.34999999999922,0.3517498870115299,0.11140625,0
51.39999999999922,0.35125604852182063,0.12156250000000013,0
51.449999999999214,0.342312249434548,0.10234375,0
51.49999999999921,0.31381075450020773,0.12359375000000014,0
51.54999999999921,0.3048540093094076,0.10359375000000001,0
51.599999999999206,0.2972631225767927,0.13859375000000013,0
51.6499999999992,0.2781962130510619,0.13953125000000013,0
51.6999999999992,0.27705978557855093,0.12296875000000015,0
51.7499999999992,0.27822693266006465,0.12093750000000011,0
51.799999999999194,0.2623600257080454,0.14015625000000012,0
51.84999999999919,0.22398487200455722,0.15125,0
51.89999999999919,0.22158871844295144,0.16203124999999982,0
51.949999999999186,0.23636752432081015,0.10218750000000001,0
51.99999999999918,0.22142008353007547,0.0828124999999999,0
52.04999999999918,0.3482491030272417,0.12031250000000013,0
52.09999999999918,0.3340801043478781,0.12062500000000012,0
52.149999999999174,0.32354836751267485,0.13046874999999986,0
52.19999999999917,0.3260102821173948,0.12859374999999984,0
52.24999999999917,0.30215168770902856,0.11968750000000013,0
52.299999999999166,0.2742881458735351,0.09203124999999988,0
52.34999999999916,0.27033731181894805,0.11875000000000009,0
52.39999999999916,0.2695213335022829,0.11828125000000012,0
52.44999999999916,0.28934583537507635,0.0934374999999999,0
52.499999999999154,0.26051043937928037,0.12906249999999983,0
52.54999999999915,0.26359528955804873,0.11843750000000011,0
52.59999999999915,0.24966118154593972,0.11984375000000011,0
52.649999999999146,0.24768982237018158,0.1471875,0
52.69999999999914,0.23158138446750784,0.12874999999999986,0
52.74999999999914,0.21859979911063918,0.10062499999999996,0
52.79999999999914,0.2184549154208691,0.11921875000000012,0
52.849999999999135,0.2031802035228276,0.12843749999999984,0
52.89999999999913,0.22753991943380106,0.10031249999999999,0
52.94999999999913,0.23937146104699258,0.07281250000000006,0
52.999999999999126,0.2092118233664904,0.11390625000000013,0
53.04999999999912,0.7226527917074679,0.24468749999999995,0
53.09999999999912,0.7199046033405233,0.17734374999999977,0
53.14999999999912,0.7137029120699877,0.1764062499999998,0
53.199999999999115,0.7052501699691418,0.17640624999999982,0
53.24999999999911,0.6999715384156876,0.22640624999999998,0
53.29999999999911,0.6944574676350814,0.14156249999999998,0
53.349999999999106,0.6880783010963926,0.09687500000000003,0
53.3999999999991,0.676322877908671,0.09593750000000004,0
53.4499999999991,0.6707451772528755,0.12328124999999983,0
53.4999999999991,0.6643565414236969,0.10046875000000013,0
53.549999999999095,0.6525318741988445,0.11437500000000016,0
53.59999999999909,0.6478641419493633,0.16609374999999985,0
53.64999999999909,0.6248993541441289,0.08890624999999991,0
53.699999999999086,0.6228016619442327,0.10484375000000008,0
53.74999999999908,0.6087155090174764,0.18046875000000018,0
53.79999999999908,0.6042513786266043,0.10562500000000011,0
53.84999999999908,0.5952221657427695,0.1498437499999999,0
53.899999999999075,0.5835944526228323,0.11468750000000016,0
53.94999999999907,0.5710402402212033,0.06687500000000003,0
53.99999999999907,0.55830843393801,0.13562500000000002,0
54.049999999999066,0.7449936130998933,0.1768749999999998,0
54.09999999999906,0.7418970400144662,0.1453125,0
54.14999999999906,0.7385930771667519,0.13609375000000012,0
54.19999999999906,0.736029578830349,0.145625,0
54.249999999999055,0.7326860825916749,0.13734375000000007,0
54.29999999999905,0.7263844790302499,0.1259374999999998,0
54.34999999999905,0.7214736528102687,0.0903125,0
54.39999999999905,0.7112841210756274,0.10265625000000007,0
54.449999999999044,0.6940491944465403,0.10171875000000008,0
54.49999999999904,0.6885969479423824,0.144375,0
54.54999999999904,0.6835515880164031,0.09109374999999999,0
54.599999999999035,0.6760850182727035,0.1332812500000001,0
54.64999999999903,0.673380078469792,0.08218749999999989,0
54.69999999999903,0.6583124050348975,0.10171875000000008,0
54.74999999999903,0.6433321319376344,0.11265625000000015,0
54.799999999999024,0.6249656933251516,0.16093750000000023,0
54.84999999999902,0.618204754012143,0.12281249999999984,0
54.89999999999902,0.6137484772765698,0.06328125000000004,0
54.949999999999015,0.6025792143422144,0.12359374999999981,0
54.99999999999901,0.6011375709274017,0.12296874999999982,0
55.04999999999901,0.7605421227246625,0.14953124999999984,0
55.09999999999901,0.7511774975148819,0.12046874999999983,0
55.149999999999004,0.7424374352874222,0.17156249999999978,0
55.199999999999,0.73737433172435,0.18359375000000025,0
55.249999999999,0.7325388557940307,0.1514062499999998,0
55.299999999998995,0.725921743597713,0.11874999999999983,0
55.34999999999899,0.7216531789167294,0.07078124999999992,0
55.39999999999899,0.7047559247054644,0.1281250000000001,0
55.44999999999899,0.6981780592852239,0.10656250000000016,0
55.499999999998984,0.6877065256788337,0.1390625,0
55.54999999999898,0.6831239522490532,0.09718750000000012,0
55.59999999999898,0.6760942990974569,0.12578125000000007,0
55.649999999998975,0.6675434490366283,0.09578125000000011,0
55.69999999999897,0.6533807858947445,0.13984375,0
55.74999999999897,0.6479246492987248,0.08875,0
55.79999999999897,0.6372202468408122,0.1496874999999998,0
55.849999999998964,0.6257968384673779,0.13046875000000008,0
55.89999999999896,0.6151944669088862,0.09687500000000013,0
55.94999999999896,0.6029344438188747,0.13406250000000003,0
55.999999999998956,0.5945324880263091,0.07578124999999988,0
56.04999999999895,0.6495979098027853,0.13718750000000002,0
56.09999999999895,0.6348163215969974,0.13031250000000008,0
56.14999999999895,0.6212589824591479,0.14843749999999983,0
56.199999999998944,0.6043575002712889,0.12890625000000006,0
56.24999999999894,0.5937558677350986,0.12062499999999984,0
56.29999999999894,0.581241916337158,0.07812499999999989,0
56.349999999998936,0.5653070209815934,0.09875000000000009,0
56.39999999999893,0.5550588085616985,0.09718750000000011,0
56.44999999999893,0.5236716333265098,0.10828125000000013,0
56.49999999999893,0.5171790808968403,0.12828125000000007,0
56.549999999998924,0.4921195453539087,0.11640624999999985,0
56.59999999999892,0.4762644673721979,0.10734375000000015,0
56.64999999999892,0.4614130643803939,0.0982812500000001,0
56.699999999998916,0.4421133780244301,0.09953125000000008,0
56.74999999999891,0.4248038060854942,0.08828124999999999,0
56.79999999999891,0.40339361913134875,0.14874999999999983,0
56.84999999999891,0.40160792405928714,0.12781250000000005,0
56.899999999998904,0.39894752958041874,0.08734374999999998,0
56.9499999999989,0.37696049007721416,0.13859375000000002,0
56.9999999999989,0.3605472730074074,0.09734375000000009,0
57.049999999998896,0.6324030782234701,0.13062500000000007,0
57.09999999999889,0.6219791946392923,0.12109374999999986,0
57.14999999999889,0.6189233242411131,0.1312500000000001,0
57.19999999999889,0.6024162898205704,0.12015624999999985,0
57.249999999998884,0.5937893604029858,0.17937500000000023,0
57.29999999999888,0.5822448890844131,0.12062499999999987,0
57.34999999999888,0.5695932288418479,0.09765625000000011,0
57.399999999998876,0.5606705282018564,0.11843749999999986,0
57.44999999999887,0.5517227609073648,0.07953124999999993,0
57.49999999999887,0.5558140053536225,0.09875000000000012,0
57.54999999999887,0.535769853644491,0.1004687500000001,0
57.599999999998865,0.5228508769514645,0.11734374999999989,0
57.64999999999886,0.5076987036263095,0.08921875,0
57.69999999999886,0.4991094652101123,0.1298437500000001,0
57.749999999998856,0.4864297217341323,0.06031250000000001,0
57.79999999999885,0.4593256362667701,0.1042187500000001,0
57.84999999999885,0.4418136643191337,0.11953124999999987,0
57.89999999999885,0.42135173347164967,0.12140624999999985,0
57.949999999998845,0.39808460775506077,0.07062499999999994,0
57.99999999999884,0.37848289291047793,0.07812499999999992,0
58.04999999999884,0.7623664669185226,0.17875000000000024,0
58.099999999998836,0.7574848661003616,0.11734374999999986,0
58.14999999999883,0.752315069005406,0.13671875,0
58.19999999999883,0.7415153429011897,0.13687500000000002,0
58.24999999999883,0.7373841060052387,0.14765624999999985,0
58.299999999998825,0.7302493967659816,0.10484375000000012,0
58.34999999999882,0.7196440900688007,0.06203124999999994,0
58.39999999999882,0.7029740992420392,0.13468750000000002,0
58.449999999998816,0.6872101723395023,0.0709374999999999,0
58.49999999999881,0.673664427887189,0.09359375000000009,0
58.54999999999881,0.6697229334579412,0.12437500000000005,0
58.59999999999881,0.6614931534352768,0.11640624999999986,0
58.649999999998805,0.6477724492278517,0.13546875,0
58.6999999999988,0.636012150158429,0.09609375000000007,0
58.7499999999988,0.6242310379917235,0.0698437499999999,0
58.799999999998796,0.6006849760430958,0.0748437499999999,0
58.84999999999879,0.598482655231827,0.11343749999999986,0
58.89999999999879,0.5944780549544103,0.10093750000000012,0
58.94999999999879,0.5772075862209544,0.07468749999999992,0
58.999999999998785,0.5604100576682179,0.06124999999999995,0
59.04999999999878,0.6127526791198228,0.20812500000000017,0
59.09999999999878,0.5933148868845765,0.11515624999999988,0
59.149999999998776,0.578552914315666,0.12812500000000007,0
59.199999999998774,0.5633133081023528,0.14781249999999985,0
59.24999999999877,0.5499943651960324,0.12546875000000007,0
59.29999999999877,0.5351812753233294,0.12531250000000008,0
59.349999999998765,0.5089896410929481,0.07468749999999992,0
59.39999999999876,0.4815901724396568,0.0923437500000001,0
59.44999999999876,0.4512020083407326,0.050937499999999955,0
59.49999999999876,0.4070804049832051,0.0923437500000001,0
59.549999999998754,0.36292750501205695,0.10921874999999988,0
59.59999999999875,0.3370221938050476,0.10484375000000015,0
59.64999999999875,0.3104425374987386,0.09328125000000012,0
59.699999999998745,0.28451597258184913,0.05062499999999996,0
59.74999999999874,0.24466613485518285,0.07374999999999993,0
59.79999999999874,0.2277558485798829,0.14562499999999987,0
59.84999999999874,0.2400278153246304,0.14437499999999986,0
59.899999999998734,0.20884351890319783,0.1118749999999999,0
59.94999999999873,0.1457063894020603,0.12406250000000008,0
59.99999999999873,0.11702223037868033,0.07249999999999993,0
60.049999999998725,0.31232512117911915,0.13000000000000006,0
60.09999999999872,0.29411960593258396,0.18593750000000003,0
60.14999999999872,0.28599421453838425,0.14781249999999987,0
60.19999999999872,0.27365824643337316,0.13859375,0
60.249999999998714,0.2715705304889879,0.16999999999999982,0
60.29999999999871,0.2807224326010804,0.13687500000000002,0
60.34999999999871,0.2943232061748521,0.12109375000000003,0
60.399999999998705,0.2865314644411624,0.07890624999999991,0
60.4499999999987,0.26190345972123646,0.08578125,0
60.4999999999987,0.2323890371596857,0.07640624999999991,0
60.5499999999987,0.15357189508636906,0.09625000000000011,0
60.599999999998694,0.15234419431550925,0.11640624999999986,0
60.64999999999869,0.1501554089073112,0.14921874999999987,0
60.69999999999869,0.2026235124487,0.085625,0
60.749999999998685,0.21750979656201186,0.10609375000000014,0
60.79999999999868,0.20866380962889813,0.09578125000000011,0
60.84999999999868,0.18090072779133295,0.05609375000000003,0
60.89999999999868,0.12721347122153626,0.08765625000000002,0
60.949999999998674,0.07643793503232159,0.11640624999999986,0
60.99999999999867,0.12802395729851934,0.14624999999999988,0
61.04999999999867,0.515590464465789,0.20156250000000003,0
61.099999999998666,0.5148165164902775,0.23640625000000032,0
61.14999999999866,0.49631188383437114,0.1750000000000002,0
61.19999999999866,0.4702843579938942,0.2095312499999998,0
61.24999999999866,0.44356511880539273,0.2531249999999998,0
61.299999999998654,0.41947691594195075,0.11218750000000004,0
61.34999999999865,0.4192505877308133,0.12296875000000011,0
61.39999999999865,0.38066184976333145,0.11375000000000002,0
61.449999999998646,0.3422463097987487,0.08484374999999991,0
61.49999999999864,0.30703623141210057,0.09296874999999989,0
61.54999999999864,0.2695389364391134,0.11359375000000002,0
61.59999999999864,0.23913888664875088,0.11374999999999999,0
61.649999999998634,0.24720950857844518,0.09343749999999988,0
61.69999999999863,0.22986484626486697,0.10328124999999999,0
61.74999999999863,0.21419537748069917,0.08562499999999991,0
61.799999999998626,0.2005703186546821,0.11250000000000002,0
61.84999999999862,0.16886802022756447,0.11359375000000001,0
61.89999999999862,0.13296003038190027,0.11171875000000002,0
61.94999999999862,0.12595955948594512,0.12109375000000011,0
61.999999999998614,0.14345620012379404,0.12218750000000012,0
62.04999999999861,0.41183447582680527,0.16046875,0
62.09999999999861,0.3938558311709806,0.19812500000000016,0
62.149999999998606,0.3861381567651428,0.1512500000000001,0
62.1999999999986,0.3669054832639518,0.17937500000000017,0
62.2499999999986,0.3364696573251844,0.19515625000000017,0
62.2999999999986,0.3054039208860426,0.15546875,0
62.349999999998595,0.30168284667703593,0.12124999999999997,0
62.39999999999859,0.2981612427027839,0.12203124999999997,0
62.44999999999859,0.24332980858075298,0.07484375000000007,0
62.499999999998586,0.21836306560173482,0.1487500000000001,0
62.54999999999858,0.18517740713384526,0.09546874999999994,0
62.59999999999858,0.17565822746726467,0.12093749999999996,0
62.64999999999858,0.12743702268957116,0.11296874999999999,0
62.699999999998575,0.12110850567522409,0.12890625000000014,0
62.74999999999857,0.10574822501298117,0.08328125000000007,0
62.79999999999857,0.09634531509825797,0.12499999999999996,0
62.849999999998566,0.6171856201068547,0.17609375000000016,0
62.89999999999856,0.6111941380194723,0.17718750000000016,0
62.94999999999856,0.5976272255531228,0.12312499999999997,0
62.99999999999856,0.579220467368505,0.13031250000000014,0
63.049999999998555,0.615700805225182,0.16953124999999983,0
63.09999999999855,0.5900785225612183,0.16281249999999994,0
63.14999999999855,0.577274513646294,0.15578125000000004,0
63.199999999998546,0.5551936916857682,0.16218749999999996,0
63.24999999999854,0.5435658244922992,0.14390624999999985,0
63.29999999999854,0.5405576163943415,0.12718749999999987,0
63.34999999999854,0.5371392196312196,0.08593750000000004,0
63.399999999998535,0.5774518735072136,0.15218750000000003,0
63.44999999999853,0.554443794510306,0.1232812499999999,0
63.49999999999853,0.6076562946859566,0.15265625000000002,0
63.549999999998526,0.6317628735261115,0.11609374999999995,0
63.59999999999852,0.5470457072402753,0.14453124999999983,0
63.64999999999852,0.491148641204466,0.16109374999999995,0
63.69999999999852,0.5086985265546504,0.10749999999999996,0
63.749999999998515,0.48474224209347033,0.10015624999999992,0
63.79999999999851,0.5069449912227257,0.13468750000000007,0
63.84999999999851,0.4505551062800509,0.08968750000000004,0
63.899999999998506,0.4308971503188211,0.10671874999999995,0
63.949999999998504,0.39752015285983655,0.14312499999999986,0
63.9999999999985,0.37336968882888,0.11609374999999997,0
64.0499999999985,0.627867199388221,0.21656250000000005,0
64.0999999999985,0.6279843515472935,0.21703125000000006,0
64.1499999999985,0.6088306873689793,0.22843749999999968,0
64.1999999999985,0.594390313581505,0.2221874999999999,0
64.2499999999985,0.5958126224181673,0.23921874999999987,0
64.29999999999849,0.601616228439326,0.15734375000000003,0
64.34999999999849,0.5889647331916632,0.13343749999999996,0
64.39999999999849,0.5653282638604138,0.14749999999999985,0
64.44999999999848,0.5403002962328275,0.14359374999999996,0
64.49999999999848,0.5350654235430171,0.13249999999999998,0
64.54999999999848,0.49963760971894994,0.15671875000000002,0
64.59999999999847,0.4839688191129444,0.14515624999999993,0
64.64999999999847,0.4725225061209188,0.12468749999999988,0
64.69999999999847,0.4616417796810257,0.15546875000000002,0
64.74999999999847,0.42333659552892416,0.14578124999999992,0
64.79999999999846,0.4005147261887917,0.1643749999999998,0
64.84999999999846,0.4095612414850128,0.16406249999999983,0
64.89999999999846,0.4291817024502845,0.1498437499999999,0
64.94999999999845,0.4091410727137217,0.170625,0
64.99999999999845,0.39751658419333347,0.14046874999999995,0
65.04999999999845,0.8076620142225461,0.1585937500000001,0
65.09999999999845,0.802036465350555,0.1570312500000001,0
65.14999999999844,0.79414663704173,0.1754687500000001,0
65.19999999999844,0.7904622806319235,0.1726562500000001,0
65.24999999999844,0.7826721148237037,0.19171874999999985,0
65.29999999999843,0.7811444794325888,0.19124999999999986,0
65.34999999999843,0.7786515946541808,0.13796875,0
65.39999999999843,0.7747170405147283,0.14640624999999993,0
65.44999999999843,0.7656623539592436,0.1535937500000001,0
65.49999999999842,0.7565740891200661,0.11281250000000007,0
65.54999999999842,0.745406841746147,0.12890624999999994,0
65.59999999999842,0.7345472281773543,0.12374999999999992,0
65.64999999999841,0.7312422018743276,0.14640624999999996,0
65.69999999999841,0.7281694188227597,0.18843749999999987,0
65.74999999999841,0.7218763430297949,0.16640624999999992,0
65.7999999999984,0.7092452220801704,0.15421875000000007,0
65.8499999999984,0.6978431510851456,0.12984374999999998,0
65.8999999999984,0.6764827813507851,0.1557812500000001,0
65.9499999999984,0.6541303167049383,0.1560937500000001,0
65.9999999999984,0.6482988559329852,0.12062499999999991,0
66.04999999999839,0.86520399645619,0.17578125000000006,0
66.09999999999839,0.8773190418083685,0.20468749999999986,0
66.14999999999839,0.8610605148734426,0.18203124999999992,0
66.19999999999838,0.852454802157533,0.17578125000000006,0
66.24999999999838,0.8466612695255495,0.1834374999999999,0
66.29999999999838,0.8393433272816242,0.11093749999999995,0
66.34999999999837,0.8375458534218918,0.13796875000000003,0
66.39999999999837,0.8360559249338082,0.15171874999999996,0
66.44999999999837,0.8342039187881458,0.10921874999999995,0
66.49999999999837,0.8244363544198805,0.13609375000000004,0
66.54999999999836,0.814447619878613,0.13671875000000006,0
66.59999999999836,0.8061592024871099,0.11812500000000004,0
66.64999999999836,0.7957732904287224,0.14500000000000016,0
66.69999999999835,0.791233784458945,0.10859374999999996,0
66.74999999999835,0.7864130943439837,0.11937500000000004,0
66.79999999999835,0.7838951225598538,0.13562500000000005,0
66.84999999999835,0.7773119171713129,0.13609375000000004,0
66.89999999999834,0.7631822741788858,0.14500000000000016,0
66.94999999999834,0.753268980743296,0.14593750000000016,0
66.99999999999834,0.7373982939502267,0.13656250000000006,0
67.04999999999833,0.8917204486405773,0.2100000000000002,0
67.09999999999833,0.8901753232432488,0.20078124999999986,0
67.14999999999833,0.9999999578280935,0.19999999999999987,0
67.19999999999833,0.8849788777985376,0.2085937500000002,0
67.24999999999832,0.8794545115396836,0.2085937500000002,0
67.29999999999832,0.8765628545575892,0.08390625000000003,0
67.34999999999832,0.871820894490527,0.14375000000000013,0
67.39999999999831,0.8697158765734107,0.10812499999999994,0
67.44999999999831,0.86756324444309,0.1585937500000001,0
67.49999999999831,0.9999999999999118,0.13578125000000002,0
67.5499999999983,0.8616297803603589,0.12515625000000002,0
67.5999999999983,0.8519349554930609,0.13484375000000004,0
67.6499999999983,0.8487579668034029,0.13484375000000004,0
67.6999999999983,0.8413118478053458,0.16000000000000011,0
67.7499999999983,0.837443051271874,0.13187500000000002,0
67.79999999999829,0.8342605863279209,0.11625,0
67.84999999999829,0.8294566179644665,0.13515625000000006,0
67.89999999999829,0.8232206801261467,0.14171875000000012,0
67.94999999999828,0.8104830440714637,0.1431250000000001,0
67.99999999999828,0.8038619977584834,0.11828125,0
68.04999999999828,0.8847664220950515,0.20671875000000015,0
68.09999999999827,0.8815952307759063,0.17124999999999996,0
68.14999999999827,0.8790524237527778,0.2140625,0
68.19999999999827,0.8844389203999893,0.16062500000000007,0
68.24999999999827,0.8741882282918573,0.18703125000000012,0
68.29999999999826,0.8650550825719429,0.18859375000000014,0
68.34999999999826,0.8609326226920908,0.1389062500000001,0
68.39999999999826,0.8545442922679801,0.13343749999999996,0
68.44999999999825,0.850460762929477,0.13374999999999998,0
68.49999999999825,0.8464405908043376,0.18687500000000012,0
68.54999999999825,0.843777362446537,0.11671874999999998,0
68.59999999999825,0.836008142997506,0.1435937500000001,0
68.64999999999824,0.8315139677326293,0.1414062500000001,0
68.69999999999824,0.8165885520438553,0.14312500000000009,0
68.74999999999824,0.8040830531920921,0.09765625000000008,0
68.79999999999824,0.7969240343857685,0.11593749999999999,0
68.84999999999823,0.7897608728223137,0.12484374999999999,0
68.89999999999823,0.7888051812527958,0.12437499999999999,0
68.94999999999823,0.7761475030638574,0.16046875000000005,0
68.99999999999822,0.7574682884039559,0.15171874999999985,0
69.04999999999822,0.9375546715580537,0.2935937499999998,0
69.09999999999822,0.9369419154614027,0.2646875000000003,0
69.14999999999822,0.9354113231091302,0.26109375000000024,0
69.19999999999821,0.933889754040737,0.2542187500000001,0
69.24999999999821,0.9999999999999966,0.2628125000000002,0
69.2999999999982,0.9317365746879364,0.15109375000000014,0
69.3499999999982,0.9272539872009115,0.1512500000000001,0
69.3999999999982,0.9249998879798755,0.17625,0
69.4499999999982,0.9228626350669238,0.15156250000000013,0
69.4999999999982,0.9206288198591378,0.16859375000000015,0
69.54999999999819,0.9183518199776783,0.12453125000000007,0
69.59999999999819,0.9165911375622953,0.14171874999999992,0
69.64999999999819,0.914355915523927,0.16046874999999988,0
69.69999999999818,0.9123008546662349,0.13359375,0
69.74999999999818,0.9092356106395811,0.12531250000000008,0
69.79999999999818,0.9063897235918761,0.09671875000000008,0
69.84999999999818,0.9045815557713,0.15218750000000014,0
69.89999999999817,0.8990334525495456,0.12437500000000008,0
69.94999999999817,0.9999999999999678,0.1576562499999999,0
69.99999999999817,0.8895238613212576,0.14390624999999993,0
70.04999999999816,0.8849085920006081,0.14781249999999985,0
70.09999999999816,0.878680959186685,0.16453124999999985,0
70.14999999999816,0.8735480577546338,0.17656250000000015,0
70.19999999999816,0.8671611229579059,0.18968749999999987,0
70.24999999999815,0.8605092828103332,0.15734375000000006,0
70.29999999999815,0.8535222476653624,0.13125000000000003,0
70.34999999999815,0.8467775657373782,0.12953125000000004,0
70.39999999999814,0.8398381349466534,0.16562499999999986,0
70.44999999999814,0.827019879784959,0.11218750000000006,0
70.49999999999814,0.8159108716561669,0.13843749999999996,0
70.54999999999814,0.8022647360443744,0.1309375,0
70.59999999999813,0.7880361048944959,0.13859375,0
70.64999999999813,0.7712160484072796,0.13828124999999997,0
70.69999999999813,0.7549422365885915,0.12890625000000003,0
70.74999999999812,0.7272169733420992,0.12937500000000005,0
70.79999999999812,0.7029392983898196,0.14656249999999987,0
70.84999999999812,0.668204022059928,0.13734374999999996,0
70.89999999999812,0.6383634357194817,0.14749999999999988,0
70.94999999999811,0.6005583218302136,0.13890624999999998,0
70.99999999999811,0.5582214928121855,0.13984375,0
71.04999999999811,0.8829609564821456,0.20390625000000023,0
71.0999999999981,0.8777766365366135,0.21484374999999992,0
71.1499999999981,0.875284220444847,0.19546874999999983,0
71.1999999999981,0.8704019616395076,0.19546874999999983,0
71.2499999999981,0.864902520484811,0.19546874999999983,0
71.2999999999981,0.8590926399686657,0.19546874999999983,1
71.34999999999809,0.8530841804694413,0.19546874999999983,1
71.39999999999809,0.8469264438649674,0.19546874999999983,1
71.44999999999808,0.8406873681566082,0.19546874999999983,1
71.49999999999808,0.8328734061770418,0.19546874999999983,1
71.54999999999808,0.8272533564066054,0.19546874999999983,1
71.59999999999808,0.8191162557979971,0.19546874999999983,1
71.64999999999807,0.8114661088956052,0.20296874999999986,0
71.69999999999807,0.803224795635166,0.20296874999999986,0
71.74999999999807,0.7960227404129864,0.2026562499999999,0
71.79999999999806,0.7891488534633495,0.6448437499999993,0
71.84999999999806,0.7817207131656311,0.6448437499999993,0
71.89999999999806,0.7752984578492398,0.6364062499999993,0
71.94999999999806,0.7601121214884304,0.6373437499999993,0
71.99999999999805,0.746839096255675,0.21515625000000008,0
72.04999999999805,0.9049739933588092,0.21062500000000012,0
72.09999999999805,0.8999837835911657,0.195,0
72.14999999999804,0.8958129701738798,0.20921875000000015,0
72.19999999999804,0.8898705769207068,0.20921875000000015,0
72.24999999999804,0.8849260027062644,0.20921875000000015,0
72.29999999999804,0.8749290012766319,0.20921875000000015,1
72.34999999999803,0.8631211172099693,0.20921875000000015,1
72.39999999999803,0.8499235659573239,0.20921875000000015,1
72.44999999999803,0.8349394700425445,0.20921875000000015,1
72.49999999999802,0.8178819869558517,0.20921875000000015,1
72.54999999999802,0.8025001398591922,0.20921875000000015,1
72.59999999999802,0.7890822026927051,0.20921875000000015,1
72.64999999999802,0.7652064285918159,0.2168750000000001,0
72.69999999999801,0.7412865598094165,0.2168750000000001,0
72.74999999999801,0.7157144462858375,0.21781250000000005,0
72.79999999999801,0.6860428719266295,0.6848437500000008,0
72.849999999998,0.6682876801880716,0.6848437500000008,0
72.899999999998,0.8339886246543977,0.6767187500000007,0
72.949999999998,0.8224592144469441,0.6762500000000007,0
72.999999999998,0.8043308505170202,0.6764062500000007,0
73.049999999998,0.8912381938648032,0.20531249999999995,0
73.09999999999799,0.7844178054923207,0.18718749999999978,0
73.14999999999799,0.7648831976369317,0.17781250000000015,0
73.19999999999798,0.9999997426744658,0.22343749999999996,0
73.24999999999798,0.9999997670484388,0.1956250000000001,0
73.29999999999798,0.9999997720381822,0.15890624999999997,0
73.34999999999798,0.9999997392379963,0.14750000000000013,0
73.39999999999797,0.6595619778958449,0.15656249999999997,0
73.44999999999797,0.6120738902300726,0.1942187500000001,0
73.49999999999797,0.9999997431315342,0.1401562499999999,0
73.54999999999797,0.999999817786784,0.17531250000000015,0
73.59999999999796,0.9999997296632647,0.18609374999999978,0
73.64999999999796,0.9999997094835373,0.13968749999999988,0
73.69999999999796,0.5134074981157767,0.15890624999999997,0
73.74999999999795,0.44686307038332507,0.19453125000000013,0
73.79999999999795,0.9999993393548642,0.17343750000000016,0
73.84999999999795,0.9999995081266079,0.13187500000000013,0
73.89999999999795,0.9999991679434953,0.16531249999999983,0
73.94999999999794,0.9999999999974807,0.13874999999999987,0
73.99999999999794,0.9999999999980032,0.14937500000000012,0
74.04999999999794,0.9999999202857986,0.2089062499999999,0
74.09999999999793,0.8187950399243386,0.22843750000000002,0
74.14999999999793,0.7950799024844405,0.19796875000000028,0
74.19999999999793,0.9999999999999042,0.24765624999999997,0
74.24999999999793,0.7460607396857323,0.23796874999999976,0
74.29999999999792,0.7289400196337542,0.16421875000000016,0
74.34999999999792,0.7092653677666297,0.10437499999999995,0
74.39999999999792,0.6567295409887067,0.15343749999999984,0
74.44999999999791,0.5839247324901643,0.11250000000000002,0
74.49999999999791,0.4653787190289099,0.1431250000000002,0
74.54999999999791,0.3274961106347473,0.12421875,0
74.5999999999979,0.999997735416072,0.14359375000000021,0
74.6499999999979,0.9999976818145301,0.11281250000000002,0
74.6999999999979,0.9999964747117613,0.16140625000000014,0
74.7499999999979,0.9999999999941797,0.1824999999999999,0
74.7999999999979,0.9999999999933459,0.18515624999999988,0
74.84999999999789,0.16012386847346605,0.13406249999999997,0
74.89999999999789,0.999999999998958,0.1837499999999999,0
74.94999999999789,0.11907088240379607,0.12296875,0
74.99999999999788,0.9999999999891533,0.13734374999999993,0
75.04999999999788,0.999999999999632,0.1615625000000001,0
75.09999999999788,0.5751525329685253,0.1346874999999999,0
75.14999999999787,0.5062597587615231,0.1520312499999998,0
75.19999999999787,0.4166257767795043,0.17296874999999998,0
75.24999999999787,0.39085617529695804,0.19031250000000022,0
75.29999999999787,0.3769359380245776,0.13093749999999996,0
75.34999999999786,0.3461523546866392,0.13859375000000015,0
75.39999999999786,0.43290783549893475,0.14234375000000019,0
75.44999999999786,0.4142029030003739,0.12906249999999994,0
75.49999999999785,0.41955569176630875,0.0779687500000001,0
75.54999999999785,0.4068259045781249,0.11265625000000008,0
75.59999999999785,0.3918239142827813,0.1593750000000001,0
75.64999999999785,0.3736887753523139,0.13031249999999994,0
75.69999999999784,0.3493283058182405,0.12937499999999996,0
75.74999999999784,0.32096954474825695,0.1482812499999998,0
75.79999999999784,0.299355217914802,0.09156250000000005,0
75.84999999999783,0.26790985317162963,0.10984375000000005,0
75.89999999999783,0.2266025644943848,0.14000000000000018,0
75.94999999999783,0.1903026443566733,0.1203125,0
75.99999999999783,0.19768380953684883,0.19156250000000022,0
76.04999999999782,0.2923613603256563,0.16562499999999997,0
76.09999999999782,0.2747306345877396,0.12718749999999995,0
76.14999999999782,0.2556800322120459,0.18640625000000016,0
76.19999999999781,0.24587875434948764,0.14593749999999978,0
76.24999999999781,0.24377927459179535,0.1839062500000001,0
76.29999999999781,0.24820709126814197,0.11624999999999999,0
76.3499999999978,0.21570414484598666,0.15343750000000012,0
76.3999999999978,0.20843978854276657,0.12406249999999994,0
76.4499999999978,0.20093157820654378,0.14562499999999978,0
76.4999999999978,0.21672593131193957,0.15468750000000012,0
76.5499999999978,0.2238628578231807,0.1746874999999998,0
76.59999999999779,0.23530433005227078,0.12421874999999993,0
76.64999999999779,0.21336875688554113,0.13359375000000015,0
76.69999999999779,0.2111339065697782,0.10437499999999995,0
76.74999999999778,0.19871702290912813,0.1562500000000001,0
76.79999999999778,0.19212393050509885,0.1153125,0
76.84999999999778,0.1872813826450641,0.13468750000000015,0
76.89999999999777,0.19611907439458443,0.13656250000000017,0
76.94999999999777,0.18008722750412148,0.11390624999999999,0
76.99999999999777,0.1967465902067466,0.09328124999999993,0
77.04999999999777,0.5150535046041513,0.20578124999999997,0
77.09999999999776,0.5076259505830741,0.1443750000000001,0
77.14999999999776,0.5071329093729209,0.19453125000000018,0
77.19999999999776,0.5094370181579677,0.1837499999999998,0
77.24999999999775,0.5244953168314567,0.16312499999999983,0
77.29999999999775,0.5024553922708145,0.1345312499999998,0
77.34999999999775,0.48829124715488376,0.10937500000000003,0
77.39999999999775,0.4759413974479301,0.09031249999999987,0
77.44999999999774,0.4684519888321509,0.12390625000000013,0
77.49999999999774,0.46584791721251734,0.08421874999999993,0
77.54999999999774,0.45893526918095,0.11078124999999998,0
77.59999999999773,0.4522420968981691,0.14859374999999997,0
77.64999999999773,0.44018944486338907,0.12218750000000012,0
77.69999999999773,0.4435799573070781,0.08859374999999987,0
77.74999999999773,0.4108502432715092,0.1307812499999998,0
77.79999999999772,0.37722385097150885,0.09265624999999988,0
77.84999999999772,0.37438480696994353,0.06906250000000003,0
77.89999999999772,0.3655117249659856,0.10031249999999999,0
77.94999999999771,0.36147049808535653,0.10124999999999998,0
77.99999999999771,0.36165610802950665,0.11015625,0
78.04999999999771,0.6060520323500413,0.1609374999999999,0
78.0999999999977,0.5871328607728671,0.1343750000000001,0
78.1499999999977,0.5720715605229815,0.12171874999999988,0
78.1999999999977,0.5669692750274009,0.21203125000000017,0
78.2499999999977,0.5657611331077234,0.1224999999999999,0
78.2999999999977,0.5593111027810256,0.12312499999999989,0
78.34999999999769,0.5486131934611858,0.06781249999999993,0
78.39999999999769,0.5251924885566748,0.11171875000000013,0
78.44999999999769,0.5246288703286106,0.1064062500000001,0
78.49999999999768,0.5177027849564979,0.11765624999999988,0
78.54999999999768,0.5071438475917135,0.10171875000000008,0
78.59999999999768,0.4968793454271854,0.0804687499999999,0
78.64999999999768,0.47559013523043187,0.06749999999999992,0
78.69999999999767,0.44007486954090563,0.1087500000000001,0
78.74999999999767,0.43995876933904554,0.11062500000000011,0
78.79999999999767,0.42066973443141614,0.0790624999999999,0
78.84999999999766,0.40006686280826265,0.11031250000000012,0
78.89999999999766,0.3933206360929519,0.07046874999999994,0
78.94999999999766,0.38802149010114206,0.1110937500000001,0
78.99999999999766,0.388160349296704,0.12093749999999988,0
79.04999999999765,0.5846736341299245,0.15249999999999989,0
79.09999999999765,0.5587421679764015,0.09937500000000012,0
79.14999999999765,0.5387606121085261,0.14953124999999995,0
79.19999999999764,0.5230216035200721,0.16078125000000015,0
79.24999999999764,0.5241573500742532,0.13000000000000006,0
79.29999999999764,0.5203904642398974,0.10250000000000008,0
79.34999999999764,0.5120473953359608,0.06843749999999994,0
79.39999999999763,0.5088565236106521,0.12906250000000005,0
79.44999999999763,0.5045559657157266,0.09078125000000001,0
79.49999999999763,0.5067583333724344,0.1004687500000001,0
79.54999999999762,0.5046226054577326,0.11812499999999988,0
79.59999999999762,0.4988724332084167,0.11984374999999987,0
79.64999999999762,0.4941630837994446,0.1103125000000001,0
79.69999999999762,0.48840682575196775,0.10859375000000011,0
79.74999999999761,0.46558130231261247,0.061250000000000006,0
79.79999999999761,0.4666713897843547,0.11984374999999987,0
79.8499999999976,0.459064939101641,0.14874999999999988,0
79.8999999999976,0.4481505874054364,0.0884375,0
79.9499999999976,0.4393590148585015,0.10656250000000009,0
79.9999999999976,0.4273247992781302,0.09015625000000002,0
80.0499999999976,0.6540101102266291,0.15249999999999994,0
80.09999999999759,0.6528165279018864,0.1623437500000002,0
80.14999999999759,0.6454750444708814,0.19109375000000003,0
80.19999999999759,0.6419471125679723,0.1514062499999999,0
80.24999999999758,0.6358237261599242,0.18984375000000003,0
80.29999999999758,0.6294515472730381,0.12156249999999988,0
80.34999999999758,0.6266207079276963,0.11187500000000014,0
80.39999999999758,0.6191405490662232,0.08171874999999991,0
80.44999999999757,0.6090597841203189,0.10140625,0
80.49999999999757,0.6219015660640191,0.08656249999999993,0
80.54999999999757,0.6121923634587573,0.09203125000000001,0
80.59999999999756,0.6038489371898745,0.10265625000000007,0
80.64999999999756,0.5952948450737342,0.09296875000000002,0
80.69999999999756,0.583215110453674,0.11015625000000014,0
80.74999999999756,0.5717053105845465,0.1309375000000001,0
80.79999999999755,0.5686125195285562,0.0839062499999999,0
80.84999999999755,0.5613411071919681,0.07343749999999995,0
80.89999999999755,0.5477901524255077,0.09171875,0
80.94999999999754,0.5362389423112861,0.06406250000000005,0
80.99999999999754,0.5235943271750748,0.1314062500000001,0
81.04999999999754,0.6138926854553964,0.11062499999999997,0
81.09999999999754,0.6027222570220879,0.11390625000000001,0
81.14999999999753,0.5998043361871752,0.11031249999999997,0
81.19999999999753,0.5883156101652094,0.15796874999999985,0
81.24999999999753,0.5767434636188873,0.14593750000000003,0
81.29999999999752,0.5602801281696665,0.10015624999999999,0
81.34999999999752,0.5503751404457291,0.12937499999999985,0
81.39999999999752,0.535344277081677,0.08374999999999992,0
81.44999999999752,0.5172377449547237,0.09093749999999992,0
81.49999999999751,0.5069695539739479,0.12859374999999987,0
81.54999999999751,0.4987049902322622,0.1075,0
81.59999999999751,0.5015376967907805,0.09249999999999993,0
81.6499999999975,0.49502630854715196,0.10953124999999997,0
81.6999999999975,0.4791055626133872,0.08187499999999993,0
81.7499999999975,0.45553021360722123,0.12921874999999988,0
81.7999999999975,0.4387129987734502,0.11046874999999998,0
81.8499999999975,0.41290052638422997,0.12531249999999988,0
81.89999999999749,0.3941663835214722,0.0929687499999999,0
81.94999999999749,0.37169210586862883,0.13843750000000007,0
81.99999999999748,0.3567603176259738,0.11406249999999998,0
82.04999999999748,0.7848168178496707,0.16124999999999995,0
82.09999999999748,0.7774082633097227,0.21359374999999972,0
82.14999999999748,0.7721961588960393,0.1948437500000002,0
82.19999999999747,0.7677563046525101,0.1984375000000002,0
82.24999999999747,0.7656764597853227,0.20203124999999997,0
82.29999999999747,0.755336037176654,0.13578124999999985,0
82.34999999999746,0.7484745039453894,0.09171874999999988,0
82.39999999999746,0.741380764301547,0.1453125000000001,0
82.44999999999746,0.7326665607267174,0.12687500000000013,0
82.49999999999746,0.7230417746413518,0.1453125000000001,0
82.54999999999745,0.7215839118435621,0.10828125000000002,0
82.59999999999745,0.7109198494060825,0.07562500000000008,0
82.64999999999745,0.7048676702848152,0.09890624999999992,0
82.69999999999744,0.6986000127235632,0.13781249999999984,0
82.74999999999744,0.6908358475015411,0.12921875000000013,0
82.79999999999744,0.6812853807314463,0.1540625,0
82.84999999999744,0.670394508840485,0.10078124999999993,0
82.89999999999743,0.6637514633666469,0.11828125,0
82.94999999999743,0.6623382943855817,0.12687500000000013,0
82.99999999999743,0.642359387903444,0.09874999999999992,0
83.04999999999742,0.767400437246979,0.16843749999999982,0
83.09999999999742,0.7603617431292291,0.13359375000000012,0
83.14999999999742,0.752313628388301,0.16078125,0
83.19999999999742,0.7447572960059554,0.14906250000000015,0
83.24999999999741,0.7340648286347178,0.18562499999999982,0
83.29999999999741,0.7278559707908278,0.11578125000000002,0
83.34999999999741,0.7198436015103381,0.09312499999999987,0
83.3999999999974,0.7100212303926854,0.10234374999999996,0
83.4499999999974,0.6979794565789069,0.10281249999999995,0
83.4999999999974,0.6865946222514857,0.13078125000000015,0
83.5499999999974,0.6710467966344121,0.13859374999999985,0
83.5999999999974,0.6574290008406032,0.12296874999999999,0
83.64999999999739,0.6564114265442401,0.12078124999999998,0
83.69999999999739,0.6396394693646785,0.12921875000000016,0
83.74999999999739,0.6277084867268351,0.10187499999999994,0
83.79999999999738,0.6060844563329155,0.11062500000000001,0
83.84999999999738,0.5800771138362677,0.15890625,0
83.89999999999738,0.5547859474402631,0.07703125000000008,0
83.94999999999737,0.526027109324623,0.09249999999999987,0
83.99999999999737,0.5040128072501828,0.11156250000000001,0
84.04999999999737,0.735866485018304,0.17703124999999978,0
84.09999999999737,0.730540100884766,0.17515624999999974,0
84.14999999999736,0.716678239728552,0.13593750000000016,0
84.19999999999736,0.7024235704350894,0.19234374999999979,0
84.24999999999736,0.6878009267345733,0.14656249999999985,0
84.29999999999735,0.6803287835890286,0.1184375,0
84.34999999999735,0.6662934314679518,0.1279687499999999,0
84.39999999999735,0.6599101880833437,0.09937499999999984,0
84.44999999999735,0.645670860377433,0.10109374999999983,0
84.49999999999734,0.6298416658027072,0.1253124999999999,0
84.54999999999734,0.6103865855952596,0.13609375000000015,0
84.59999999999734,0.5885727339107161,0.13500000000000015,0
84.64999999999733,0.5651101471913832,0.13390625000000017,0
84.69999999999733,0.5479273944844495,0.12562499999999993,0
84.74999999999733,0.5319281115873288,0.11687499999999999,0
84.79999999999733,0.5131446358899936,0.1251562499999999,0
84.84999999999732,0.48760567529545773,0.12374999999999994,0
84.89999999999732,0.45775647367252154,0.12468749999999995,0
84.94999999999732,0.41411906382124036,0.10703124999999998,0
84.99999999999731,0.38163197345360783,0.12609374999999995,0
85.04999999999731,0.6503721563542244,0.22671875000000002,0
85.09999999999731,0.6390899906252889,0.23546874999999998,0
85.1499999999973,0.6257837715191072,0.2023437500000002,0
85.1999999999973,0.6010791341547248,0.22687500000000002,0
85.2499999999973,0.5845026986270503,0.23703125000000003,0
85.2999999999973,0.5637433402434329,0.1257812499999999,0
85.3499999999973,0.5436559334712521,0.0879687500000001,0
85.39999999999729,0.5241906235651177,0.11421875,0
85.44999999999729,0.5078525638907997,0.12515624999999997,0
85.49999999999729,0.49140617501345735,0.13171875000000016,0
85.54999999999728,0.46440038217640844,0.09609374999999991,0
85.59999999999728,0.41680535010077874,0.15062500000000018,0
85.64999999999728,0.36201667877919463,0.10515624999999995,0
85.69999999999727,0.33131327023506896,0.13125000000000014,0
85.74999999999727,0.30816727323573634,0.12390624999999995,0
85.79999999999727,0.30505228317605737,0.13250000000000015,0
85.84999999999727,0.30103658730842825,0.13250000000000015,0
85.89999999999726,0.2834285652926375,0.13218750000000015,0
85.94999999999726,0.2662115695038421,0.13015625000000014,0
85.99999999999726,0.2345889629720444,0.12390624999999995,0
86.04999999999725,0.5529901262498184,0.15906250000000002,0
86.09999999999725,0.537426316045214,0.1748437500000002,0
86.14999999999725,0.522566415076354,0.15859375,0
86.19999999999725,0.4917925962283483,0.18531249999999982,0
86.24999999999724,0.45633947728082536,0.17625000000000018,0
86.29999999999724,0.4175013176562865,0.10218749999999996,0
86.34999999999724,0.3913968718509867,0.10890625000000002,0
86.39999999999723,0.3721776315697343,0.0898437499999999,0
86.44999999999723,0.34417803305353695,0.12671875000000016,0
86.49999999999723,0.31636287998721785,0.12812500000000016,0
86.54999999999723,0.2884709315553929,0.10890625000000002,0
86.59999999999722,0.2631418769813186,0.11937499999999997,0
86.64999999999722,0.23233343565869427,0.1368749999999998,0
86.69999999999722,0.21717686087169924,0.11953125,0
86.74999999999721,0.23075512116231756,0.09937499999999991,0
86.79999999999721,0.17006861210897012,0.09218749999999994,0
86.84999999999721,0.18123067865508874,0.12062499999999998,0
86.8999999999972,0.16141536649477548,0.13828124999999983,0
86.9499999999972,0.13861192145150444,0.10078124999999993,0
86.9999999999972,0.127389631852597,0.14656250000000015,0
87.0499999999972,0.511411060895273,0.21078124999999998,0
87.0999999999972,0.5051763629725928,0.20968749999999997,0
87.14999999999719,0.46862102416678625,0.20890625,0
87.19999999999719,0.45480837363736293,0.1970312500000002,0
87.24999999999719,0.44687542673684005,0.15031250000000013,0
87.29999999999718,0.41436385187219854,0.11921875000000001,0
87.34999999999718,0.3688101083277387,0.158125,0
87.39999999999718,0.3330173753372158,0.10859375,0
87.44999999999717,0.31266139574704827,0.11703125,0
87.49999999999717,0.2545093834657084,0.11687500000000002,0
87.54999999999717,0.21613540408861434,0.1078125,0
87.59999999999717,0.18820882167572264,0.15218749999999998,0
87.64999999999716,0.1533652050103535,0.12609375000000017,0
87.69999999999716,0.11370665845044983,0.108125,0
87.74999999999716,0.10949140391875221,0.08921874999999993,0
87.79999999999715,0.1261161428726754,0.10578125000000001,0
87.84999999999715,0.12652136463327485,0.14796875000000015,0
87.89999999999715,0.15813965546774106,0.1448437500000001,0
87.94999999999715,0.6492532120803796,0.11640625,0
87.99999999999714,0.6734857369266841,0.10703125,0
88.04999999999714,0.7510082184899033,0.15359375000000003,0
88.09999999999714,0.7422807662342353,0.13562499999999983,0
88.14999999999714,0.7323935036741354,0.13453124999999985,0
88.19999999999713,0.7150519620044722,0.14500000000000013,0
88.24999999999713,0.7022535795914787,0.12578125000000018,0
88.29999999999713,0.6856520656845673,0.13531249999999986,0
88.34999999999712,0.6815922789437437,0.07609375000000011,0
88.39999999999712,0.6751050440498255,0.12453125000000018,0
88.44999999999712,0.6838765881747565,0.1349999999999999,0
88.49999999999712,0.7029273140022823,0.08734374999999993,0
88.54999999999711,0.6792210436507682,0.07453125000000009,0
88.59999999999711,0.6531403466009578,0.11203125000000003,0
88.6499999999971,0.7649945054256897,0.1153125,0
88.6999999999971,0.6115827185447901,0.14531250000000012,0
88.7499999999971,0.5888913595088212,0.10593749999999999,0
88.7999999999971,0.5918437749852732,0.1754687500000002,0
88.8499999999971,0.5787428175478861,0.09609374999999991,0
88.89999999999709,0.5771031537243266,0.09624999999999992,0
88.94999999999709,0.5440996914679715,0.11703125,0
88.99999999999709,0.5273733718459205,0.11484375000000002,0
89.04999999999708,0.7568167780005594,0.17140625000000018,0
89.09999999999708,0.7588063438838724,0.18109374999999983,0
89.14999999999708,0.7623462423136105,0.18812500000000018,0
89.19999999999708,0.8698217714292359,0.16093749999999987,0
89.24999999999707,0.7466300472855932,0.20031249999999998,0
89.29999999999707,0.7342422899565328,0.08796874999999992,0
89.34999999999707,0.7541710212678514,0.10640625000000004,0
89.39999999999706,0.8034315789710674,0.11859375000000014,0
89.44999999999706,0.748519144169739,0.07968749999999994,0
89.49999999999706,0.7262107616296039,0.11734375000000011,0
89.54999999999706,0.7279466852953786,0.1379687500000001,0
89.59999999999705,0.73095638293544,0.1596874999999999,0
89.64999999999705,0.7174475669641395,0.08156249999999994,0
89.69999999999705,0.6898300973478337,0.11796875000000011,0
89.74999999999704,0.6692687767956449,0.10812500000000005,0
89.79999999999704,0.6467742098414994,0.15796874999999988,0
89.84999999999704,0.6215854689231519,0.08828124999999992,0
89.89999999999704,0.5939648159846319,0.12718749999999984,0
89.94999999999703,0.5825645888118829,0.1782812499999998,0
89.99999999999703,0.5612606000413908,0.11546875000000012,0
90.04999999999703,0.8104916081877572,0.16984375000000018,0
90.09999999999702,0.8081577587828398,0.16921875000000014,0
90.14999999999702,0.803341202823796,0.1742187499999998,0
90.19999999999702,0.7977282068486071,0.20937499999999973,0
90.24999999999702,0.7832599898144654,0.20796874999999976,0
90.29999999999701,0.7743543802369668,0.07499999999999994,0
90.34999999999701,0.7599211414533962,0.12265624999999984,0
90.39999999999701,0.7566648630910892,0.15312499999999987,0
90.449999999997,0.7512225163995491,0.10171875000000001,0
90.499999999997,0.7548667808469626,0.1459375,0
90.549999999997,0.7403671687446224,0.10437500000000004,0
90.599999999997,0.7226437897323582,0.08921874999999993,0
90.649999999997,0.7075766048965306,0.06437500000000004,0
90.69999999999699,0.684776757842369,0.146875,0
90.74999999999699,0.6810082216745702,0.07640624999999995,0
90.79999999999698,0.6700221600926151,0.14406249999999998,0
90.84999999999698,0.6619004319837722,0.12468749999999981,0
90.89999999999698,0.6334087522502245,0.0868749999999999,0
90.94999999999698,0.6024358771985378,0.10296875000000005,0
90.99999999999697,0.5892004379198498,0.11562500000000013,0
91.04999999999697,0.7032206964740321,0.15765624999999983,0
91.09999999999697,0.6993327903879983,0.14468750000000002,0
91.14999999999696,0.6982183426928597,0.13750000000000012,0
91.19999999999696,0.691052826499216,0.15609374999999984,0
91.24999999999696,0.6769101390972154,0.11921875000000012,0
91.29999999999696,0.6565951672994049,0.09406249999999997,0
91.34999999999695,0.6258967948994082,0.13562500000000013,0
91.39999999999695,0.5948279640913257,0.12718749999999984,0
91.44999999999695,0.5935516546225037,0.12593749999999984,0
91.49999999999694,0.5936389004217947,0.12703124999999985,0
91.54999999999694,0.5819448722393572,0.10640625000000004,0
91.59999999999694,0.9999996173071974,0.13625000000000012,0
91.64999999999694,0.5200807508561994,0.09640624999999999,0
91.69999999999693,0.5212117377666438,0.11625000000000014,0
91.74999999999693,0.5012850878195128,0.0751562499999999,0
91.79999999999693,0.48629840159798277,0.11625000000000014,0
91.84999999999692,0.48736318394945805,0.10593750000000005,0
91.89999999999692,0.4648765794188605,0.10328125000000003,0
91.94999999999692,0.9999997049402697,0.11484375000000013,0
91.99999999999692,0.9999994809222478,0.11625000000000014,0
92.04999999999691,0.8556694588271525,0.1421875,0
92.09999999999691,0.8546605240857997,0.15218749999999984,0
92.14999999999691,0.8523348133812361,0.16187500000000016,0
92.1999999999969,0.850427367575923,0.11109375000000014,0
92.2499999999969,0.8463971703774253,0.11156250000000015,0
92.2999999999969,0.8450650557636523,0.13156250000000008,0
92.3499999999969,0.9999999135077878,0.11140625000000015,0
92.3999999999969,0.8360952875737896,0.13015625000000008,0
92.44999999999689,0.830499543314253,0.08109374999999994,0
92.49999999999689,0.8260320754204444,0.11031250000000015,0
92.54999999999688,0.8226176146885986,0.1290625000000001,0
92.59999999999688,0.8182029518171314,0.1003125000000001,0
92.64999999999688,0.8150216217594226,0.08781249999999999,0
92.69999999999688,0.9999999999997718,0.12078124999999984,0
92.74999999999687,0.9999999999997805,0.0787499999999999,0
92.79999999999687,0.9999999999997702,0.10843750000000014,0
92.84999999999687,0.7928409549511223,0.10968750000000013,0
92.89999999999687,0.7922242572023283,0.0793749999999999,0
92.94999999999686,0.7724654788169848,0.09890625000000008,0
92.99999999999686,0.9999998397432509,0.10984375000000016,0
93.04999999999686,0.9999999028960329,0.14328125,0
93.09999999999685,0.8289749544466651,0.20312499999999972,0
93.14999999999685,0.8227364101164001,0.12765624999999986,0
93.19999999999685,0.8164051057504347,0.16296875000000016,0
93.24999999999685,0.8092093985073282,0.14593750000000003,0
93.29999999999684,0.8076222890642988,0.09265625,0
93.34999999999684,0.7990888948548811,0.10046875000000008,0
93.39999999999684,0.7916542923516612,0.10265625000000009,0
93.44999999999683,0.7841046521766356,0.10359375000000008,0
93.49999999999683,0.7740390612815311,0.14218750000000002,0
93.54999999999683,0.766315064276746,0.09296875,0
93.59999999999683,0.7572291197198249,0.15234374999999983,0
93.64999999999682,0.9999998484437066,0.12328124999999983,0
93.69999999999682,0.9999998458084887,0.0946875,0
93.74999999999682,0.9999998137070796,0.0821874999999999,0
93.79999999999681,0.7090258907661525,0.0829687499999999,0
93.84999999999681,0.6902111558929833,0.0812499999999999,0
93.89999999999681,0.6787253080487673,0.16265625000000017,0
93.9499999999968,0.6667942467707384,0.10265625000000007,0
93.9999999999968,0.659013899884952,0.0946875,0
94.0499999999968,0.9999999999999729,0.14234374999999996,0
94.0999999999968,0.8826538548810507,0.11421875000000015,0
94.1499999999968,0.8841528232473747,0.15468749999999978,0
94.19999999999679,0.873957797598447,0.1529687499999998,0
94.24999999999679,0.8702268507093865,0.16359375000000015,0
94.29999999999679,0.8660790219363499,0.08374999999999991,0
94.34999999999678,0.8616381163046674,0.10968750000000013,0
94.39999999999678,0.8621956715491831,0.11171875000000013,0
94.44999999999678,0.8525119784815398,0.0803124999999999,0
94.49999999999677,0.8492747159398869,0.12109374999999985,0
94.54999999999677,0.8444121136704629,0.09046875,0
94.59999999999677,0.8391450672240747,0.10125000000000006,0
94.64999999999677,0.8336246908393081,0.10109375000000007,0
94.69999999999676,0.8293538267101891,0.10109375000000007,0
94.74999999999676,0.819571856749041,0.11015625000000014,0
94.79999999999676,0.8113959395326737,0.14906249999999985,0
94.84999999999675,0.8050197438979175,0.08187499999999993,0
94.89999999999675,0.7968669421572097,0.09968750000000007,0
94.94999999999675,0.7879091455630483,0.12140624999999985,0
94.99999999999675,0.7774877857775235,0.13156250000000008,0
95.04999999999674,0.8631297095068537,0.1548437499999999,0
95.09999999999674,0.8584385993608363,0.17328124999999983,0
95.14999999999674,0.9999999999999493,0.18437500000000023,0
95.19999999999673,0.8496652241192094,0.1342187500000001,0
95.24999999999673,0.8447420790742072,0.15921875000000016,0
95.29999999999673,0.8389646398662668,0.08218749999999991,0
95.34999999999673,0.8320146280318961,0.11062500000000013,0
95.39999999999672,0.82408921441746,0.08046874999999992,0
95.44999999999672,0.8143737474844596,0.1390625,0
95.49999999999672,0.8112999064964878,0.12046874999999983,0
95.54999999999671,0.8032647263254398,0.08140624999999992,0
95.59999999999671,0.7946749178480982,0.0909375,0
95.64999999999671,0.7837075094694751,0.1295312500000001,0
95.6999999999967,0.7703690973932558,0.10187500000000008,0
95.7499999999967,0.7610124435719611,0.10015625000000009,0
95.7999999999967,0.8075732093383935,0.13718750000000002,0
95.8499999999967,0.7290357464698485,0.09140625000000001,0
95.8999999999967,0.7346684684935886,0.07953124999999991,0
95.94999999999669,0.721321016721966,0.07031249999999992,0
95.99999999999669,0.7029681332325801,0.10953125000000015,0
96.04999999999669,0.8841820273466333,0.19375,0
96.09999999999668,0.8780057290021769,0.1365625000000001,0
96.14999999999668,0.8710440319829506,0.15156249999999985,0
96.19999999999668,0.8661909016074953,0.20374999999999974,0
96.24999999999667,0.8614843554911442,0.1629687500000002,0
96.29999999999667,0.8561024575915815,0.10953125000000015,0
96.34999999999667,0.8474069379566547,0.10734375000000014,0
96.39999999999667,0.8375049877563594,0.0853124999999999,0
96.44999999999666,0.8257287085469515,0.056250000000000036,0
96.49999999999666,0.999999898574599,0.07671874999999992,0
96.54999999999666,0.8054364158337655,0.08984375000000003,0
96.59999999999665,0.800450235115647,0.11843749999999986,0
96.64999999999665,0.7898221348383759,0.11843749999999983,0
96.69999999999665,0.7759357900891689,0.0989062500000001,0
96.74999999999665,0.7614188793504555,0.11609374999999988,0
96.79999999999664,0.7381883039474317,0.10875000000000015,0
96.84999999999664,0.7192743924831049,0.08765625,0
96.89999999999664,0.9999997748439015,0.10046875000000008,0
96.94999999999663,0.9999998170548069,0.07953124999999991,0
96.99999999999663,0.9999998062025471,0.14,0
97.04999999999663,0.9999998767970623,0.16937500000000016,0
97.09999999999663,0.7589022278491242,0.1856250000000002,0
97.14999999999662,0.7415164183984184,0.15421874999999985,0
97.19999999999662,0.9999998449882852,0.1656250000000002,0
97.24999999999662,0.9999998168217583,0.12484374999999988,0
97.29999999999661,0.9999998447833678,0.09812500000000003,0
97.34999999999661,0.9999998335638497,0.1326562500000001,0
97.39999999999661,0.6439031280483253,0.1032812500000001,0
97.4499999999966,0.6125675243924582,0.09562500000000002,0
97.4999999999966,0.5564133537594926,0.06656250000000004,0
97.5499999999966,0.537881147519579,0.06359375000000003,0
97.5999999999966,0.9999993169736496,0.13468750000000007,0
97.6499999999966,0.9999996127259386,0.12437499999999987,0
97.69999999999659,0.999999583377598,0.09484375000000002,0
97.74999999999659,0.47698961325204675,0.12421874999999986,0
97.79999999999659,0.4518016437269211,0.13437500000000008,0
97.84999999999658,0.39543764446586765,0.1043750000000001,0
97.89999999999658,0.99999911440528,0.12562499999999988,0
97.94999999999658,0.9999995617046001,0.08515624999999992,0
97.99999999999658,0.9999996851053995,0.08374999999999992,0
98.04999999999657,0.9999997790306218,0.148125,0
98.09999999999657,0.5626471290659761,0.1395312500000001,0
98.14999999999657,0.5192761122073509,0.14625000000000002,0
98.19999999999656,0.47026531765851537,0.1387500000000001,0
98.24999999999656,0.43593447413300185,0.17578124999999986,0
98.29999999999656,0.9999994329294157,0.0798437499999999,0
98.34999999999656,0.9999991395917122,0.13640625000000012,0
98.39999999999655,0.999999072177478,0.09734374999999998,0
98.44999999999655,0.999999098542159,0.10703125000000006,0
98.49999999999655,0.29152381244379494,0.11656250000000012,0
98.54999999999654,0.23088621416888658,0.09765624999999999,0
98.59999999999654,0.9999994754561995,0.11796875000000014,0
98.64999999999654,0.27128851033347684,0.13546875000000008,0
98.69999999999654,0.9999963503767785,0.12624999999999986,0
98.74999999999653,0.9999965295333186,0.0899999999999999,0
98.79999999999653,0.11445339024527743,0.08718749999999989,0
98.84999999999653,0.12488143418229913,0.13437500000000008,0
98.89999999999652,0.10080844959620426,0.09859375,0
98.94999999999652,0.9999881788456435,0.10671875000000006,0
98.99999999999652,0.9999985576281297,0.09937499999999996,0
99.04999999999652,0.7209494036803921,0.13140624999999986,0
99.09999999999651,0.7209494036803921,0.13875000000000007,0
99.14999999999651,0.6950790697144611,0.14921875,0
99.1999999999965,0.6618175197190778,0.15828124999999982,0
99.2499999999965,0.6179789770512811,0.17437499999999978,0
99.2999999999965,0.9999999999996669,0.11796875000000014,0
99.3499999999965,0.9999999999996289,0.09921875,0
99.3999999999965,0.9999999999996793,0.1378125000000001,0
99.44999999999649,0.9999999999996575,0.10828125000000006,0
99.49999999999649,0.5087878798858293,0.11812500000000012,0
99.54999999999649,0.37113751168875625,0.10875000000000005,0
99.59999999999648,0.28104646539402783,0.11234375000000003,0
99.64999999999648,0.28515427388824477,0.09953124999999999,0
99.69999999999648,0.281966121991951,0.10859375000000004,0
99.74999999999648,0.9999990215222981,0.10890625000000007,0
99.79999999999647,0.9999989127628136,0.12765624999999986,0
99.84999999999647,0.22847910469222846,0.1478125,0
99.89999999999647,0.20063107972952116,0.12953124999999988,0
99.94999999999646,0.20481865400366478,0.07046875000000007,0
99.99999999999646,0.17507985820030045,0.09859375000000001,0
100.04999999999646,0.5400515596394446,0.15781249999999986,0
100.09999999999646,0.9999999999992513,0.1667187500000002,0
100.14999999999645,0.9999999999990696,0.15578124999999984,0
100.19999999999645,0.38292632569032015,0.12874999999999986,0
100.24999999999645,0.37358261559718176,0.1831250000000002,0
100.29999999999644,0.21298855657179924,0.11781250000000014,0
100.34999999999644,0.9999995785573818,0.1671875000000002,0
100.39999999999644,0.19109222216612945,0.10718750000000007,0
100.44999999999644,0.13567829038881313,0.07078125000000003,0
100.49999999999643,0.4176615841258216,0.07156250000000007,0
100.54999999999643,0.41656614754528476,0.09890625,0
100.59999999999643,0.4137974812322534,0.09890624999999999,0
100.64999999999642,0.4007380224607753,0.11828125000000014,0
100.69999999999642,0.38797252676668376,0.07984374999999991,0
100.74999999999642,0.3698851507973072,0.1465625,0
100.79999999999642,0.3469602815783208,0.12671874999999988,0
100.84999999999641,0.3194218229482268,0.11812500000000015,0
100.89999999999641,0.2943737904626682,0.0781249999999999,0
100.94999999999641,0.26455038843242246,0.11812500000000012,0
100.9999999999964,0.22897137760643524,0.14468750000000002,0
101.0499999999964,0.29610586535586286,0.15781249999999983,0
101.0999999999964,0.2731865072565144,0.12093750000000014,0
101.1499999999964,0.2508600112391783,0.12000000000000018,0
101.1999999999964,0.2184472764595044,0.17624999999999985,0
101.24999999999639,0.19769842959726142,0.1768749999999998,0
101.29999999999639,0.18972478284064645,0.10250000000000001,0
101.34999999999638,0.17713911183619363,0.11640625000000016,0
101.39999999999638,0.1943376614366958,0.09828125000000001,0
101.44999999999638,0.1580986197034915,0.11796875000000018,0
101.49999999999638,0.1284067975928322,0.08874999999999991,0
101.54999999999637,0.11633671322077649,0.09828125000000001,0
101.59999999999637,0.1067156562512304,0.11750000000000016,0
101.64999999999637,0.12846131479044687,0.09968750000000001,0
101.69999999999636,0.17155185244695975,0.10812500000000007,0
101.74999999999636,0.12106319030413343,0.0585937500000001,0
101.79999999999636,0.07036516631883076,0.07703124999999993,0
101.84999999999636,0.03162963939373831,0.10812500000000007,0
101.89999999999635,0.04905787398960397,0.12749999999999986,0
101.94999999999635,0.08621984522681284,0.10781250000000009,0
101.99999999999635,0.10931881528219124,0.15578124999999982,0
102.04999999999634,0.4210569221767827,0.18890625000000022,0
102.09999999999634,0.4249194605106125,0.12140625000000019,0
102.14999999999634,0.37362008375696054,0.13968750000000016,0
102.19999999999634,0.3528491913503488,0.1324999999999998,0
102.24999999999633,0.34960343845407715,0.13875000000000015,0
102.29999999999633,0.3520452349630553,0.10890625000000005,0
102.34999999999633,0.3498827852174166,0.14015625000000018,0
102.39999999999633,0.3386624152798055,0.11906250000000018,0
102.44999999999632,0.3313194814358141,0.09906250000000001,0
102.49999999999632,0.3059806910611387,0.11890625000000017,0
102.54999999999632,0.2761890521600434,0.12890624999999983,0
102.59999999999631,0.27990898879837317,0.09937500000000002,0
102.64999999999631,0.2696733946396765,0.13859375000000015,0
102.69999999999631,0.28518392602911374,0.08890624999999992,0
102.7499999999963,0.25405683013425034,0.13859375000000015,0
102.7999999999963,0.28931702926146513,0.14859375000000002,0
102.8499999999963,0.2813938312809441,0.12812499999999982,0
102.8999999999963,0.26306589238202627,0.14796875,0
102.9499999999963,0.28662711766863486,0.10000000000000002,0
102.99999999999629,0.27864998537368546,0.09046874999999995,0
103.04999999999629,0.6674431596527818,0.17234375000000016,0
103.09999999999629,0.6634282145601004,0.1943750000000002,0
103.14999999999628,0.6570749687341104,0.21203124999999967,0
103.19999999999628,0.6443950698661236,0.18249999999999975,0
103.24999999999628,0.6278296951577182,0.20124999999999993,0
103.29999999999627,0.624180715954639,0.11156250000000001,0
103.34999999999627,0.6176463090690414,0.11890625000000017,0
103.39999999999627,0.6104812645090031,0.1,0
103.44999999999627,0.6071796045650479,0.11187500000000002,0
103.49999999999626,0.5996933483083642,0.10031250000000003,0
103.54999999999626,0.5910835750562162,0.1589062499999998,0
103.59999999999626,0.5729136728771509,0.14999999999999997,0
103.64999999999625,0.5708925591894966,0.11937500000000016,0
103.69999999999625,0.5653491565675473,0.14843749999999997,0
103.74999999999625,0.5594970652635711,0.0887499999999999,0
103.79999999999625,0.5532310543346584,0.12999999999999984,0
103.84999999999624,0.5323373832167745,0.09953125000000002,0
103.89999999999624,0.5148672239314978,0.12984374999999987,0
103.94999999999624,0.4935616534361076,0.09937500000000002,0
103.99999999999623,0.48476078719136645,0.14859375,0
104.04999999999623,0.7082194539944491,0.1659374999999998,0
104.09999999999623,0.7051013782594369,0.16296874999999983,0
104.14999999999623,0.6995454778297336,0.18109374999999978,0
104.19999999999622,0.686902151301671,0.22031250000000005,0
104.24999999999622,0.6758707355891367,0.17421875000000017,0
104.29999999999622,0.6661370792447876,0.1354687499999998,0
104.34999999999621,0.6606104328344401,0.15328124999999998,0
104.39999999999621,0.6538707944613353,0.1425000000000001,0
104.44999999999621,0.6404672504443154,0.11421874999999997,0
104.4999999999962,0.6315286031090738,0.07812500000000003,0
104.5499999999962,0.6156023120787086,0.1345312499999998,0
104.5999999999962,0.603825103977148,0.08640624999999985,0
104.6499999999962,0.58970591716489,0.09296874999999988,0
104.6999999999962,0.579068940871893,0.12390625000000015,0
104.74999999999619,0.5691728871146364,0.0954687499999999,0
104.79999999999619,0.5578779641030157,0.09453124999999989,0
104.84999999999619,0.5351392227167903,0.10453124999999999,0
104.89999999999618,0.5329423039118728,0.15328124999999998,0
104.94999999999618,0.5242632375536167,0.09531249999999988,0
104.99999999999618,0.5071740759358883,0.1335937499999998,0
105.04999999999617,0.6674994738037336,0.17546875000000026,0
105.09999999999617,0.6577838296298478,0.16906249999999987,0
105.14999999999617,0.6495720074726526,0.15953125000000004,0
105.19999999999617,0.6345508793682115,0.21421874999999982,0
105.24999999999616,0.6319647492869751,0.1781250000000002,0
105.29999999999616,0.6248717972370156,0.15796875000000005,0
105.34999999999616,0.6201638361885758,0.1325000000000002,0
105.39999999999615,0.6134193316660953,0.10984374999999999,0
105.44999999999615,0.601677676888566,0.14640625000000013,0
105.49999999999615,0.5870478182157773,0.14765625000000018,0
105.54999999999615,0.582883035127987,0.11734374999999997,0
105.59999999999614,0.5735505649520434,0.1284375000000002,0
105.64999999999614,0.5695106433479528,0.10984374999999999,0
105.69999999999614,0.5538809117890579,0.09109374999999985,0
105.74999999999613,0.5446121829326637,0.11921874999999996,0
105.79999999999613,0.5351433295022595,0.12750000000000017,0
105.84999999999613,0.5190304478211717,0.113125,0
105.89999999999613,0.5346805957264231,0.09031249999999985,0
105.94999999999612,0.49510477366186184,0.13812499999999986,0
105.99999999999612,0.4772980451057077,0.10031249999999989,0
106.04999999999612,0.6483891457969604,0.15921875,0
106.09999999999611,0.6417403559766649,0.13093750000000015,0
106.14999999999611,0.6346867010717907,0.15999999999999998,0
106.19999999999611,0.6247873150447659,0.15906249999999997,0
106.2499999999961,0.6192305970620535,0.17640625000000015,0
106.2999999999961,0.6061686325844815,0.13031250000000014,0
106.3499999999961,0.5909877171425083,0.0899999999999999,0
106.3999999999961,0.5801537722346619,0.11999999999999995,0
106.4499999999961,0.5735415127214881,0.10124999999999988,0
106.49999999999609,0.564638159656297,0.10046874999999988,0
106.54999999999609,0.5544186870267723,0.08531250000000008,0
106.59999999999609,0.5423963164216911,0.1009374999999999,0
106.64999999999608,0.5355200983098382,0.11078124999999997,0
106.69999999999608,0.5262626040086164,0.08062500000000007,0
106.74999999999608,0.5200898553958526,0.15609374999999998,0
106.79999999999607,0.5090222541955143,0.11859374999999994,0
106.84999999999607,0.49528659752948345,0.12859375000000012,0
106.89999999999607,0.48324617728742375,0.10999999999999999,0
106.94999999999607,0.475293251662282,0.1029687499999999,0
106.99999999999606,0.4823933003366525,0.09062499999999989,0
107.04999999999606,0.6667059284741232,0.1420312499999999,0
107.09999999999606,0.6561390481961509,0.16968749999999988,0
107.14999999999606,0.6460575357583294,0.14093749999999988,0
107.19999999999605,0.6337464545291349,0.18796874999999985,0
107.24999999999605,0.6262260585269367,0.20625,0
107.29999999999605,0.6176847079392077,0.12125,0
107.34999999999604,0.6137458138558928,0.10499999999999995,0
107.39999999999604,0.5929751870039709,0.11359375000000002,0
107.44999999999604,0.5700485413029938,0.09546874999999994,0
107.49999999999604,0.5511853302913914,0.12124999999999997,0
107.54999999999603,0.5346707347188625,0.12046874999999997,0
107.59999999999603,0.5184124493118738,0.1407812499999999,0
107.64999999999603,0.5242641987534954,0.13140625000000017,0
107.69999999999602,0.49818425381211673,0.10312499999999994,0
107.74999999999602,0.4913530884050298,0.11218750000000002,0
107.79999999999602,0.4695756304806455,0.12187499999999998,0
107.84999999999602,0.45440404871943424,0.11281250000000001,0
107.89999999999601,0.4328590836843103,0.12171874999999996,0
107.94999999999601,0.40922886285874815,0.16531249999999992,0
107.999999999996,0.40869634615442224,0.11234375,0
108.049999999996,0.6934005360266116,0.17484375000000013,0
108.099999999996,0.68216407183357,0.14984375000000008,0
108.149999999996,0.670081905801225,0.13203125000000013,0
108.199999999996,0.6584350909236886,0.17671875000000017,0
108.24999999999599,0.6523003485387305,0.14187499999999983,0
108.29999999999599,0.6373828618673079,0.14046874999999986,0
108.34999999999599,0.6267552854391382,0.11156249999999998,0
108.39999999999598,0.6136674796732181,0.12968750000000012,0
108.44999999999598,0.6036423556772077,0.14109374999999985,0
108.49999999999598,0.5970988296247549,0.13984374999999988,0
108.54999999999598,0.586639783390056,0.12078124999999995,0
108.59999999999597,0.57225274590469,0.1481250000000001,0
108.64999999999597,0.5682105885979687,0.1045312499999999,0
108.69999999999597,0.5461125373944143,0.17406250000000018,0
108.74999999999596,0.5361537438932342,0.15000000000000008,0
108.79999999999596,0.521563581183833,0.1468750000000001,0
108.84999999999596,0.5032235704340271,0.15000000000000008,0
108.89999999999596,0.4888876459141851,0.0978124999999999,0
108.94999999999595,0.4712897703043613,0.13937499999999986,0
108.99999999999595,0.455503440163174,0.11328124999999996,0
109.04999999999595,0.7386943785343075,0.19140625000000017,0
109.09999999999594,0.7329093510637666,0.20124999999999998,0
109.14999999999594,0.7257390647444788,0.18234374999999978,0
109.19999999999594,0.7183705514728752,0.12828125000000015,0
109.24999999999594,0.7072967018162158,0.12671875000000016,0
109.29999999999593,0.6947121429692946,0.18859375000000017,0
109.34999999999593,0.6830960686917279,0.09656249999999993,0
109.39999999999593,0.6770779359672705,0.12671875000000013,0
109.44999999999592,0.6690402614091278,0.12578125000000012,0
109.49999999999592,0.6636493699022266,0.12515625000000014,0
109.54999999999592,0.6492785770920755,0.11546874999999997,0
109.59999999999592,0.6326048517321754,0.13624999999999982,0
109.64999999999591,0.6116360702312409,0.12531250000000013,0
109.69999999999591,0.5891149538776463,0.14187500000000003,0
109.74999999999591,0.5720463901591325,0.11546874999999997,0
109.7999999999959,0.567798165408814,0.09828124999999993,0
109.8499999999959,0.5538458987881074,0.07890625000000008,0
109.8999999999959,0.532463393309171,0.09046874999999996,0
109.9499999999959,0.5094351786363498,0.12500000000000014,0
109.9999999999959,0.4892659548043823,0.12609375000000014,0
110.04999999999589,0.7290048618794139,0.1525,0
110.09999999999589,0.7199791907974219,0.13296874999999983,0
110.14999999999588,0.7000978085751551,0.1815624999999998,0
110.19999999999588,0.6897902178211928,0.225,0
110.24999999999588,0.6786425176143688,0.18953125000000018,0
110.29999999999588,0.6588589157729491,0.11406250000000002,0
110.34999999999587,0.6380737804424469,0.08218749999999996,0
110.39999999999587,0.6079994141399312,0.07312500000000002,0
110.44999999999587,0.5893848969898674,0.08312499999999995,0
110.49999999999586,0.5831675843315296,0.11156249999999998,0
110.54999999999586,0.5497062566354611,0.10999999999999999,0
110.59999999999586,0.523169305151007,0.109375,0
110.64999999999586,0.48932859212963287,0.1028125,0
110.69999999999585,0.4495270420557231,0.10171875,0
110.74999999999585,0.4059445782643714,0.13062499999999982,0
110.79999999999585,0.3768860686426293,0.1215625000000001,0
110.84999999999584,0.37081343170416897,0.11124999999999999,0
110.89999999999584,0.34357765389652817,0.12078125000000013,0
110.94999999999584,0.32792685573026664,0.09390624999999994,0
110.99999999999584,0.30114306162611154,0.11015625,0
111.04999999999583,0.5054162721702415,0.16624999999999987,0
111.09999999999583,0.47773090324545686,0.16781249999999986,0
111.14999999999583,0.44921458245546747,0.1812499999999998,0
111.19999999999582,0.4195351535488355,0.23046875,0
111.24999999999582,0.40798546924895235,0.23109375000000001,0
111.29999999999582,0.394386282171798,0.12281249999999996,0
111.34999999999582,0.36600468580417317,0.10812499999999999,0
111.39999999999581,0.3483038157048885,0.11953124999999998,0
111.44999999999581,0.35215306384785644,0.09937499999999992,0
111.49999999999581,0.33115784288536704,0.10796874999999999,0
111.5499999999958,0.28952339041504277,0.17859374999999983,0
111.5999999999958,0.2763719411763045,0.1798437499999998,0
111.6499999999958,0.25756615722385123,0.11109374999999999,0
111.6999999999958,0.2350076703041416,0.08453125000000003,0
111.7499999999958,0.22413784698982467,0.08984374999999997,0
111.79999999999579,0.2029574807283375,0.1109375,0
111.84999999999579,0.22442058882787547,0.14671875000000004,0
111.89999999999579,0.19994461696160312,0.12781250000000008,0
111.94999999999578,0.18704183821415593,0.12859375000000012,0
111.99999999999578,0.16242566195021782,0.11046874999999998,0
112.04999999999578,0.512801971620379,0.15843750000000004,0
112.09999999999577,0.483736512696183,0.1403124999999999,0
112.14999999999577,0.46055481660904535,0.14109374999999988,0
112.19999999999577,0.4242965456085345,0.1645312499999999,0
112.24999999999577,0.4060482044499602,0.18453124999999984,0
112.29999999999576,0.39215887151185475,0.08406250000000007,0
112.34999999999576,0.3686996583026397,0.08031250000000005,0
112.39999999999576,0.3300039901856886,0.12734375000000014,0
112.44999999999575,0.27959338348420587,0.09124999999999993,0
112.49999999999575,0.264075333088655,0.13671874999999986,0
112.54999999999575,0.2108579075312817,0.13656249999999986,0
112.59999999999575,0.20307773630828627,0.10671875000000004,0
112.64999999999574,0.19261071878815567,0.07937500000000004,0
112.69999999999574,0.18186936868777773,0.1450000000000001,0
112.74999999999574,0.16876690311665987,0.11812500000000004,0
112.79999999999573,0.1427793128103253,0.15453125,0
112.84999999999573,0.13059330394108845,0.11796875000000007,0
112.89999999999573,0.1699581821601073,0.10906250000000003,0
112.94999999999573,0.16408779405288637,0.11796875000000004,0
112.99999999999572,0.17959157977390267,0.10015624999999992,0
113.04999999999572,0.8082469730751984,0.20046875000000014,0
113.09999999999572,0.7982668615325585,0.1899999999999998,0
113.14999999999571,0.7833173052183305,0.21796874999999977,0
113.19999999999571,0.7649266180270886,0.1890624999999998,0
113.24999999999571,0.7436684442637346,0.2078125,0
113.2999999999957,0.7148542075468781,0.11703124999999999,0
113.3499999999957,0.6931542785672855,0.08953124999999994,0
113.3999999999957,0.6653400295473815,0.11875000000000005,0
113.4499999999957,0.6583923885539869,0.1381249999999999,0
113.4999999999957,0.661019623330328,0.07093750000000006,0
113.54999999999569,0.6759186415640194,0.13624999999999987,0
113.59999999999569,0.6327787498357492,0.10328124999999991,0
113.64999999999569,0.7024120381467971,0.13624999999999987,0
113.69999999999568,0.6035493532642282,0.13781249999999984,0
113.74999999999568,0.6144948308408849,0.10109374999999991,0
113.79999999999568,0.5626626140859011,0.10140624999999992,0
113.84999999999567,0.5384858838523006,0.14671875000000006,0
113.89999999999567,0.5118617187279537,0.12968750000000012,0
113.94999999999567,0.5258427669262743,0.11078124999999998,0
113.99999999999567,0.4848472196404659,0.08937499999999994,0
114.04999999999566,0.49336736924795577,0.18078125000000017,0
114.09999999999566,0.5042917802601179,0.18890624999999986,0
114.14999999999566,0.515900818060003,0.19937500000000022,0
114.19999999999565,0.5243492575502047,0.18703124999999984,0
114.24999999999565,0.5337945798807229,0.16953124999999988,0
114.29999999999565,0.5443701504489971,0.13500000000000015,0
114.34999999999565,0.5218065907703779,0.12359375000000003,0
114.39999999999564,0.4953233180666656,0.08718750000000006,0
114.44999999999564,0.4769571411182939,0.12390625000000006,0
114.49999999999564,0.45953969612707246,0.11640625,0
114.54999999999563,0.4394333430132326,0.12328125000000005,0
114.59999999999563,0.4231042028216799,0.12328125000000008,0
114.64999999999563,0.38623263200266966,0.12453125000000005,0
114.69999999999563,0.3646648362701794,0.13281250000000017,0
114.74999999999562,0.3229058721881761,0.13406250000000014,0
114.79999999999562,0.30052580064128315,0.12421875000000004,0
114.84999999999562,0.27974950891679795,0.12406250000000005,0
114.89999999999561,0.2373030290704916,0.10781249999999994,0
114.94999999999561,0.21426001062820213,0.11593750000000003,0
114.99999999999561,0.1749519238512169,0.11500000000000002,0
115.0499999999956,0.6300622458965871,0.16203125000000002,0
115.0999999999956,0.6326943148839076,0.16921874999999983,0
115.1499999999956,0.6325149994822106,0.15234375000000006,0
115.1999999999956,0.6294284528850252,0.15281250000000007,0
115.2499999999956,0.9999999101619574,0.16265625,0
115.29999999999559,0.6150702269210885,0.16874999999999984,0
115.34999999999559,0.6260264678588753,0.15890625,0
115.39999999999559,0.6030469445441016,0.14312499999999986,0
115.44999999999558,0.5889914109387231,0.10781249999999991,0
115.49999999999558,0.5872993990472377,0.09874999999999991,0
115.54999999999558,0.5724726753847821,0.13312500000000016,0
115.59999999999557,0.9999997649321355,0.13390625000000017,0
115.64999999999557,0.9999997873638863,0.14359374999999985,0
115.69999999999557,0.5174122585017327,0.15046875000000007,0
115.74999999999557,0.9999993437542808,0.17781250000000018,0
115.79999999999556,0.9999992236799116,0.14218749999999986,0
115.84999999999556,0.49131606517586085,0.09749999999999989,0
115.89999999999556,0.4669547459091377,0.0987499999999999,0
115.94999999999555,0.9999996853141682,0.12437500000000004,0
115.99999999999555,0.9999992169156151,0.1503125000000001,0
116.04999999999555,0.866682914368167,0.2046875,0
116.09999999999555,0.8643117578483291,0.17031249999999984,0
116.14999999999554,0.8600914895389865,0.17578125000000017,0
116.19999999999554,0.8575031359105308,0.1862499999999998,0
116.24999999999554,0.8555139758221213,0.19671875000000016,0
116.29999999999553,0.8530815589262842,0.10874999999999999,0
116.34999999999553,0.8485740713155162,0.12484375000000007,0
116.39999999999553,0.840520337061587,0.11999999999999993,0
116.44999999999553,0.8389142183860941,0.11046874999999996,0
116.49999999999552,0.8326592073484601,0.13156250000000008,0
116.54999999999552,0.8304009452421681,0.12968750000000012,0
116.59999999999552,0.8276952725634023,0.1010937499999999,0
116.64999999999552,0.8224437147187196,0.13765624999999984,0
116.69999999999551,0.821540711927368,0.11328124999999997,0
116.74999999999551,0.8130521178187647,0.11499999999999996,0
116.7999999999955,0.8028836872259366,0.08062500000000004,0
116.8499999999955,0.793367372079211,0.12953125000000013,0
116.8999999999955,0.7908790684136561,0.11062499999999997,0
116.9499999999955,0.7871861869945461,0.08999999999999991,0
116.9999999999955,0.7801458526734131,0.11843749999999993,0
117.04999999999549,0.8637654894067514,0.12390624999999995,0
117.09999999999549,0.8582659330469925,0.14062499999999983,0
117.14999999999549,0.8530385629332058,0.15796875,0
117.19999999999548,0.8456888123793329,0.1504687500000001,0
117.24999999999548,0.8429282513968184,0.14890625000000007,0
117.29999999999548,0.840037858108775,0.0957812499999999,0
117.34999999999548,0.8370827304515155,0.113125,0
117.39999999999547,0.828282066313815,0.13062500000000016,0
117.44999999999547,0.8190279120010505,0.13156250000000017,0
117.49999999999547,0.8143388499116114,0.15921875,0
117.54999999999546,0.8058641158751452,0.12109374999999993,0
117.59999999999546,0.7978075189813888,0.11515625,0
117.64999999999546,0.7902641761000527,0.12078124999999995,0
117.69999999999546,0.7811071540819661,0.12062499999999994,0
117.74999999999545,0.7682980306487701,0.15843749999999998,0
117.79999999999545,0.7629825018969598,0.13203125000000013,0
117.84999999999545,0.9999999999997736,0.1396874999999998,0
117.89999999999544,0.9999999999997551,0.14953125000000006,0
117.94999999999544,0.730048971156389,0.13062500000000016,0
117.99999999999544,0.7126403586605538,0.1121875,0
118.04999999999544,0.9095682003204844,0.19765625000000023,0
118.09999999999543,0.9999999568099497,0.1796875000000002,0
118.14999999999543,0.902492162766008,0.17218749999999988,0
118.19999999999543,0.9999999514120228,0.17062499999999986,0
118.24999999999542,0.9999999491383548,0.17984375000000022,0
118.29999999999542,0.9009255064574925,0.14093749999999988,0
118.34999999999542,0.8941333762462301,0.09484374999999992,0
118.39999999999542,0.8879094409920909,0.1414062499999999,0
118.44999999999541,0.8834528304282288,0.10187499999999997,0
118.49999999999541,0.9999999999999489,0.1396874999999999,0
118.5499999999954,0.9999999999999472,0.1482812500000001,0
118.5999999999954,0.9999999999999447,0.09265624999999991,0
118.6499999999954,0.8797136431048395,0.12078124999999999,0
118.6999999999954,0.8738246485707303,0.08437500000000012,0
118.7499999999954,0.9999999338730123,0.13953124999999988,0
118.79999999999539,0.8534003916594446,0.11187500000000003,0
118.84999999999539,0.9999999246504008,0.11187500000000003,0
118.89999999999539,0.8420044025408354,0.09499999999999993,0
118.94999999999538,0.8338932897720501,0.12984375000000017,0
118.99999999999538,0.827523515779842,0.1221875,0
119.04999999999538,0.9367576619942153,0.17609375000000022,0
119.09999999999538,0.9349156983453227,0.16687499999999983,0
119.14999999999537,0.9331789540827575,0.18671874999999982,0
119.19999999999537,0.9305818360862292,0.17437500000000017,0
119.24999999999537,0.9999999999999848,0.19375000000000017,0
119.29999999999536,0.9999999999999842,0.14750000000000013,0
119.34999999999536,0.9336535444950373,0.14546875000000012,0
119.39999999999536,0.9314808460458063,0.15453125,0
119.44999999999536,0.9342678884687428,0.09578124999999992,0
119.49999999999535,0.914020642813728,0.07640625000000004,0
119.54999999999535,0.9999999999999928,0.09921874999999991,0
119.59999999999535,0.9067659701975096,0.0851562499999999,0
119.64999999999534,0.9025141684016069,0.105625,0
119.69999999999534,0.8981134648707927,0.09749999999999993,0
119.74999999999534,0.8935662134886043,0.12312500000000011,0
119.79999999999534,0.8878903439436734,0.13171874999999986,0
119.84999999999533,0.8903802568403386,0.08156250000000012,0
119.89999999999533,0.8763589003104932,0.12312500000000011,0
119.94999999999533,0.867906836293875,0.155,0
119.99999999999532,0.8591850413337738,0.13531249999999986,0
120.04999999999532,0.9076386962876628,0.1890625000000001,0
120.09999999999532,0.9034288722039496,0.21546874999999996,0
120.14999999999532,0.899301136668281,0.19531249999999983,0
120.19999999999531,0.8952388138656886,0.1523437499999998,0
120.24999999999531,0.9999999999999571,0.1770312499999998,0
120.29999999999531,0.8840399660104021,0.1426562500000001,0
120.3499999999953,0.8781602181413051,0.09437500000000008,0
120.3999999999953,0.871601843410849,0.13109374999999993,0
120.4499999999953,0.8657719148649858,0.12234374999999997,0
120.4999999999953,0.8592801129896566,0.12281249999999996,0
120.5499999999953,0.8517644709989388,0.11437499999999996,0
120.59999999999529,0.9999999287082544,0.12156249999999998,0
120.64999999999529,0.9999999999998602,0.1307812499999999,0
120.69999999999528,0.9999999999998492,0.12234374999999997,0
120.74999999999528,0.9999999098678555,0.14843749999999978,0
120.79999999999528,0.9999999999998245,0.16796874999999994,0
120.84999999999528,0.9999998957209257,0.13312499999999988,0
120.89999999999527,0.9999998692988423,0.12046874999999997,0
120.94999999999527,0.7455278118607755,0.10359374999999996,0
120.99999999999527,0.999999865065318,0.12218749999999998,0
121.04999999999526,0.9999999540303464,0.1862500000000002,0
121.09999999999526,0.8631296312846938,0.15906250000000016,0
121.14999999999526,0.8581488304756913,0.1876562500000002,0
121.19999999999526,0.863141311916723,0.1675,0
121.24999999999525,0.8512932642000435,0.18765625000000016,0
121.29999999999525,0.8432255778692757,0.12125000000000004,0
121.34999999999525,0.8389653587035688,0.12906250000000002,0
121.39999999999525,0.8347026219098982,0.14687499999999987,0
121.44999999999524,0.8283396747423438,0.14765624999999985,0
121.49999999999524,0.8239179940814612,0.1390625000000002,0
121.54999999999524,0.8161490917419704,0.11109374999999999,0
121.59999999999523,0.8077898124047117,0.15468750000000014,0
121.64999999999523,0.9999999139567304,0.13062500000000002,0
121.69999999999523,0.9999999154588208,0.12171875000000003,0
121.74999999999523,0.9999999110316096,0.14546874999999987,0
121.79999999999522,0.7931118286430984,0.14546874999999987,0
121.84999999999522,0.774114781751966,0.09640625000000014,0
121.89999999999522,0.7580529404157919,0.14859374999999989,0
121.94999999999521,0.7513644521209837,0.11906250000000003,0
121.99999999999521,0.7344652395991006,0.12031250000000002,0
122.04999999999521,0.9999999496936903,0.21796875000000004,0
122.0999999999952,0.9999999483904253,0.22171875000000002,0
122.1499999999952,0.8677951280736127,0.22171875000000002,0
122.1999999999952,0.8590564636855608,0.22171875000000002,0
122.2499999999952,0.8487498397644683,0.22171875000000002,1
122.2999999999952,0.8380727788422068,0.22171875000000002,1
122.34999999999519,0.8287734767873431,0.22171875000000002,1
122.39999999999519,0.8165124367853875,0.22171875000000002,1
122.44999999999519,0.8053021617425452,0.22171875000000002,1
122.49999999999518,0.7860963988859396,0.22171875000000002,1
122.54999999999518,0.7645447836971895,0.22171875000000002,1
122.59999999999518,0.7417387491497146,0.22171875000000002,0
122.64999999999517,0.7178721185413464,0.22843750000000002,0
122.69999999999517,0.6943696121576348,0.22843750000000002,0
122.74999999999517,0.6709549575094105,0.6120312500000007,0
122.79999999999517,0.6528273955253516,0.6187500000000007,0
122.84999999999516,0.6231421426360313,0.6103125000000007,0
122.89999999999516,0.6049675862521875,0.6104687500000007,0
122.94999999999516,0.5772076318014832,0.6106250000000006,0
122.99999999999515,0.527009840286731,0.10390625000000005,0
123.04999999999515,0.8441978323041932,0.18499999999999978,0
123.09999999999515,0.833575869990319,0.20296874999999984,0
123.14999999999515,0.8253106850953169,0.17718749999999997,0
123.19999999999514,0.8129716989671569,0.17718749999999997,0
123.24999999999514,0.7994325954778074,0.17718749999999997,1
123.29999999999514,0.7850308510571641,0.17718749999999997,1
123.34999999999513,0.7697882622412545,0.17718749999999997,1
123.39999999999513,0.7534923684005974,0.17718749999999997,1
123.44999999999513,0.7391760219901109,0.17718749999999997,1
123.49999999999513,0.7279852380197009,0.17718749999999997,1
123.54999999999512,0.7057011519636271,0.17718749999999997,1
123.59999999999512,0.685094686423356,0.17718749999999997,1
123.64999999999512,0.6614914278391876,0.18453124999999998,0
123.69999999999511,0.6346421458705189,0.18453124999999998,0
123.74999999999511,0.6095642976867874,0.18312499999999995,0
123.79999999999511,0.9999987823015983,0.6017187499999995,0
123.8499999999951,0.9999985580157835,0.6017187499999995,0
123.8999999999951,0.999998932073273,0.5934374999999995,0
123.9499999999951,0.4504024401434127,0.5939062499999995,0
123.9999999999951,0.39498103197297774,0.16343750000000012,0
124.0499999999951,0.7486630753811662,0.23984374999999974,0
124.09999999999509,0.9999999999999111,0.1965624999999998,0
124.14999999999509,0.7217448862627251,0.24921874999999996,0
124.19999999999509,0.700475359673852,0.17859375000000016,0
124.24999999999508,0.6556869237888222,0.1953124999999998,0
124.29999999999508,0.5957092132952314,0.15343749999999995,0
124.34999999999508,0.500694309973006,0.12562499999999985,0
124.39999999999507,0.999999999997298,0.14984374999999994,0
124.44999999999507,0.3324226897335534,0.13359375,0
124.49999999999507,0.9999999999987421,0.13421875,0
124.54999999999507,0.9999999999986189,0.12468749999999988,0
124.59999999999506,0.27479265545622217,0.12906249999999986,0
124.64999999999506,0.18980917643876938,0.12578124999999984,0
124.69999999999506,0.11622114167516068,0.16859374999999982,0
124.74999999999505,0.9999920295512739,0.15187499999999995,0
124.79999999999505,0.9999985498674174,0.15781250000000013,0
124.84999999999505,0.9999999999659835,0.14328125,0
124.89999999999505,0.9999999999815946,0.12015625000000012,0
124.94999999999504,0.11356361891252761,0.12562499999999985,0
124.99999999999504,0.10604411557175554,0.17656250000000012,0
125.04999999999504,0.6964151959681266,0.27265625000000027,0
125.09999999999503,0.6837150341298185,0.25499999999999984,0
125.14999999999503,0.6653231927609693,0.21843749999999992,0
125.19999999999503,0.630049778217047,0.25296874999999985,0
125.24999999999503,0.6092233669607222,0.24140624999999974,0
125.29999999999502,0.5520585492915409,0.13296874999999983,0
125.34999999999502,0.47971093181472596,0.14390624999999999,0
125.39999999999502,0.3867676768697814,0.11828125000000014,0
125.44999999999501,0.2715778000184567,0.12906249999999983,0
125.49999999999501,0.9999992924802394,0.14562499999999998,0
125.54999999999501,0.9999995446959501,0.15421874999999985,0
125.599999999995,0.41692850127524167,0.15390624999999986,0
125.649999999995,0.41100192038282324,0.17875000000000024,0
125.699999999995,0.4088595940191603,0.12000000000000013,0
125.749999999995,0.3985272812119848,0.12781249999999983,0
125.799999999995,0.3857475400949233,0.1709374999999998,0
125.84999999999499,0.367401281444971,0.14625000000000002,0
125.89999999999499,0.34537875793400197,0.14687499999999998,0
125.94999999999499,0.31309222316454255,0.16250000000000017,0
125.99999999999498,0.2893461887121538,0.1617187500000002,0
126.04999999999498,0.38344766139392206,0.15328124999999984,0
126.09999999999498,0.3603684419378916,0.24187499999999967,0
126.14999999999498,0.3397594147718361,0.17937500000000028,0
126.19999999999497,0.34214355422078535,0.19828124999999974,0
126.24999999999497,0.3067661050855554,0.24093749999999972,0
126.29999999999497,0.2977112984856881,0.1328125000000001,0
126.34999999999496,0.29975238564077356,0.12343749999999983,0
126.39999999999496,0.29242010169617816,0.1315625000000001,0
126.44999999999496,0.2772749580193329,0.1314062500000001,0
126.49999999999496,0.27024261219052387,0.11468750000000014,0
126.54999999999495,0.2556709854617186,0.12234374999999983,0
126.59999999999495,0.2616603446648082,0.14890624999999982,0
126.64999999999495,0.22513391741512356,0.14015625000000004,0
126.69999999999494,0.22300575845916262,0.15062499999999984,0
126.74999999999494,0.25172734754038145,0.17046875000000022,0
126.79999999999494,0.23240482432206,0.12343749999999983,0
126.84999999999494,0.2379560881957626,0.1537499999999998,0
126.89999999999493,0.16517407292764896,0.16593749999999982,0
126.94999999999493,0.15774801117754036,0.1678124999999998,0
126.99999999999493,0.15578070333542876,0.15093749999999984,0
127.04999999999492,0.4717389383425558,0.20781249999999987,0
127.09999999999492,0.46321751235891484,0.22406249999999997,0
127.14999999999492,0.4512428807929813,0.2339062499999997,0
127.19999999999492,0.42222068506149835,0.2342187499999997,0
127.24999999999491,0.4336239954404687,0.19593750000000018,0
127.29999999999491,0.4402052247614515,0.12109375000000014,0
127.3499999999949,0.40937004827673135,0.1206250000000001,0
127.3999999999949,0.38473107544897006,0.11249999999999985,0
127.4499999999949,0.382707734956438,0.13499999999999984,0
127.4999999999949,0.372574198108815,0.1385937499999998,0
127.5499999999949,0.36325110990927895,0.1854687499999997,0
127.59999999999489,0.3748459821796373,0.12937500000000002,0
127.64999999999489,0.3659413457414246,0.12984375,0
127.69999999999489,0.3441127023290395,0.16703125000000024,0
127.74999999999488,0.3404592949611339,0.15781249999999983,0
127.79999999999488,0.326875260443847,0.1560937499999998,0
127.84999999999488,0.3211535715056207,0.12031250000000011,0
127.89999999999488,0.3150366551581194,0.14593750000000022,0
127.94999999999487,0.2977885803998445,0.15281250000000018,0
127.99999999999487,0.27748820571853156,0.14468750000000022,0
128.04999999999487,0.631703745223218,0.22499999999999995,0
128.09999999999488,0.6226986026784297,0.20250000000000012,0
128.1499999999949,0.6144329425752898,0.2167187500000003,0
128.1999999999949,0.6123534077638582,0.20562499999999986,0
128.2499999999949,0.6041245139160292,0.24953125000000012,0
128.29999999999492,0.5967508306327111,0.1607812499999998,0
128.34999999999494,0.5839462795334711,0.13359374999999998,0
128.39999999999495,0.5721584368034228,0.1396874999999998,0
128.44999999999496,0.5693724484887877,0.1140624999999998,0
128.49999999999497,0.5501566669185616,0.10453125000000019,0
128.54999999999498,0.533318456073733,0.1303125,0
128.599999999995,0.5080902272684621,0.14953125000000017,0
128.649999999995,0.49798469537777845,0.14953125000000017,0
128.69999999999501,0.4785124584121096,0.1396874999999998,0
128.74999999999503,0.466916730360879,0.13265624999999998,0
128.79999999999504,0.4524640216384604,0.1656250000000002,0
128.84999999999505,0.45765090592370306,0.1424999999999998,0
128.89999999999506,0.4353729177756569,0.19343750000000015,0
128.94999999999507,0.4448386392436039,0.13921874999999978,0
128.99999999999508,0.3900267047581131,0.10531250000000018,0
129.0499999999951,0.6562717663658989,0.21875,0
129.0999999999951,0.6512092348940375,0.21390625000000027,0
129.14999999999512,0.6440244447655018,0.2303124999999997,0
129.19999999999513,0.6428575029187747,0.23656249999999995,0
129.24999999999514,0.6318991413932842,0.21937500000000004,0
129.29999999999515,0.6217827367562819,0.12171875000000014,0
129.34999999999516,0.6163198613140284,0.15343749999999984,0
129.39999999999517,0.5985166922641532,0.13468749999999988,0
129.44999999999519,0.5879889099758073,0.11859375000000008,0
129.4999999999952,0.5835199466091429,0.12546875,0
129.5499999999952,0.5668857725118723,0.14359375000000016,0
129.59999999999522,0.5590534716418138,0.12609375,0
129.64999999999523,0.5333261231384281,0.15359374999999983,0
129.69999999999524,0.5182683988928766,0.17140625,0
129.74999999999525,0.49759055494210497,0.12093750000000007,0
129.79999999999526,0.48947597359250467,0.1623437500000002,0
129.84999999999528,0.4936952740752754,0.13468749999999988,0
129.8999999999953,0.47927419223088596,0.14406250000000018,0
129.9499999999953,0.4772228030724389,0.10765624999999981,0
129.9999999999953,0.4635025082033898,0.15187499999999982,0
130.04999999999532,0.7416403875759597,0.1921874999999998,0
130.09999999999533,0.7379908485335603,0.13734375000000018,0
130.14999999999534,0.7355222524691785,0.18578125000000018,0
130.19999999999536,0.7298123054687035,0.14562499999999984,0
130.24999999999537,0.7269954587101117,0.1904687499999998,0
130.29999999999538,0.7193594874351705,0.128125,0
130.3499999999954,0.7108292060274353,0.15171875000000018,0
130.3999999999954,0.7073976137538093,0.10593749999999999,0
130.4499999999954,0.6988557428639391,0.17093749999999974,0
130.49999999999542,0.6929656707079029,0.11578125000000002,0
130.54999999999544,0.6860072637646938,0.16203125000000002,0
130.59999999999545,0.6738004954820219,0.16015625,0
130.64999999999546,0.6633006764077577,0.12343749999999995,0
130.69999999999547,0.6448454825719422,0.1512500000000001,0
130.74999999999548,0.6470627316275382,0.13406250000000017,0
130.7999999999955,0.6395930799337205,0.09562499999999981,0
130.8499999999955,0.6295030239481991,0.15203125000000017,0
130.89999999999552,0.620560537315068,0.18078125000000017,0
130.94999999999553,0.612453640549353,0.12499999999999997,0
130.99999999999554,0.6125410801343201,0.1521875000000002,0
131.04999999999555,0.7073368650363108,0.16046875000000022,0
131.09999999999556,0.6940585780728079,0.16875000000000004,0
131.14999999999557,0.67759387943773,0.19562499999999985,0
131.19999999999558,0.6705518571278418,0.16171875000000022,0
131.2499999999956,0.6608635025461398,0.16921875000000003,0
131.2999999999956,0.6516165938420821,0.10265625000000016,0
131.34999999999562,0.6483655211506208,0.16406250000000006,0
131.39999999999563,0.6364382410424285,0.11484374999999998,0
131.44999999999564,0.6258475830707578,0.14874999999999985,0
131.49999999999565,0.6135590511395468,0.11296874999999998,0
131.54999999999566,0.6035706247245367,0.16687500000000005,0
131.59999999999567,0.591697666198563,0.14093750000000022,0
131.64999999999569,0.5802591744257359,0.14062500000000022,0
131.6999999999957,0.5698065489226565,0.14828124999999984,0
131.7499999999957,0.5533399914760708,0.11499999999999999,0
131.79999999999572,0.5396238668987334,0.12234375000000001,0
131.84999999999573,0.5246087537601968,0.12984374999999995,0
131.89999999999574,0.5087150825563035,0.09515625000000015,0
131.94999999999575,0.4907018521879579,0.14000000000000018,0
131.99999999999577,0.4834311265368196,0.12250000000000001,0
132.04999999999578,0.7198785915303011,0.15765625000000014,0
132.0999999999958,0.7087387472299154,0.1404687500000002,0
132.1499999999958,0.6952313150874949,0.16890625000000004,0
132.1999999999958,0.6854786138339984,0.18593750000000026,0
132.24999999999582,0.6788357936206728,0.14078125000000014,0
132.29999999999583,0.6703377680338435,0.13078124999999993,0
132.34999999999584,0.6631329923931111,0.1021874999999998,0
132.39999999999586,0.6555820296099824,0.10484374999999983,0
132.44999999999587,0.6473722142804353,0.10687499999999983,0
132.49999999999588,0.6370758912287847,0.1835937500000002,0
132.5499999999959,0.6228251807114897,0.14406250000000018,0
132.5999999999959,0.6105737527948504,0.12125000000000001,0
132.6499999999959,0.5952127894281056,0.14781249999999985,0
132.69999999999592,0.5867086561075829,0.10390624999999984,0
132.74999999999594,0.583417340225611,0.13124999999999995,0
132.79999999999595,0.5644680164068732,0.15906250000000016,0
132.84999999999596,0.5630613119487178,0.12921875,0
132.89999999999597,0.5552261581990697,0.15828125000000018,0
132.94999999999598,0.5393257226353214,0.11328124999999997,0
132.999999999996,0.5217576355329183,0.12890624999999994,0
133.049999999996,0.7775612957665532,0.17781249999999985,0
133.09999999999602,0.7718678328515304,0.18953124999999985,0
133.14999999999603,0.766033762943857,0.15125000000000013,0
133.19999999999604,0.7608935235576362,0.18874999999999983,0
133.24999999999605,0.7538445999410194,0.16078125000000004,0
133.29999999999606,0.742713484984354,0.14406249999999982,0
133.34999999999607,0.730924010923089,0.1109375,0
133.39999999999608,0.7196011419446686,0.10109374999999991,0
133.4499999999961,0.7070576713630459,0.0924999999999999,0
133.4999999999961,0.6999184965054224,0.09890624999999988,0
133.54999999999612,0.6862219494803847,0.08593750000000007,0
133.59999999999613,0.672448104080151,0.09093749999999991,0
133.64999999999614,0.6585337124212373,0.10953125,0
133.69999999999615,0.6460233706123043,0.18703124999999982,0
133.74999999999616,0.6369308768102295,0.0890624999999999,0
133.79999999999617,0.6328348782564622,0.15906250000000005,0
133.8499999999962,0.6245232823938248,0.08031250000000004,0
133.8999999999962,0.601118052405761,0.14906250000000013,0
133.9499999999962,0.5815745436537058,0.12921875000000016,0
133.99999999999622,0.5634997676951925,0.10874999999999999,0
134.04999999999623,0.7806147640846983,0.22109374999999973,0
134.09999999999624,0.7695089637854043,0.1917187499999998,0
134.14999999999625,0.7598186107278723,0.1901562499999998,0
134.19999999999627,0.7557232315631168,0.20062500000000014,0
134.24999999999628,0.7444016896521423,0.23937499999999998,0
134.2999999999963,0.7351023912622303,0.10218749999999992,0
134.3499999999963,0.722529181478204,0.158125,0
134.3999999999963,0.7080875318558025,0.1109375,0
134.44999999999632,0.6955352025376229,0.12015624999999999,0
134.49999999999633,0.6800922755754834,0.07484375000000008,0
134.54999999999634,0.6658120550518759,0.10156249999999993,0
134.59999999999636,0.6557112926873222,0.09234374999999993,0
134.64999999999637,0.6404070142171814,0.13156250000000014,0
134.69999999999638,0.6167654284427292,0.12078124999999999,0
134.7499999999964,0.5984248849200321,0.13093750000000012,0
134.7999999999964,0.5712177285437332,0.11312499999999999,0
134.8499999999964,0.5474342555098799,0.1109375,0
134.89999999999642,0.5167801299106143,0.11125,0
134.94999999999644,0.49935670867674326,0.13093750000000012,0
134.99999999999645,0.4756965895248384,0.15468749999999998,0
135.04999999999646,0.6536859773275915,0.17953125000000023,0
135.09999999999647,0.6340593221094515,0.16968749999999994,0
135.14999999999648,0.6126471568090268,0.17046874999999992,0
135.1999999999965,0.597206635998588,0.14953125000000014,0
135.2499999999965,0.58806773069156,0.16921874999999995,0
135.29999999999652,0.5751842003450918,0.12000000000000002,0
135.34999999999653,0.5635315854979404,0.12984375000000017,0
135.39999999999654,0.5377615373589388,0.14828125000000011,0
135.44999999999655,0.5074965550397981,0.1109375,0
135.49999999999656,0.4742997478177366,0.09093749999999995,0
135.54999999999657,0.4549427046880843,0.11171875000000002,0
135.59999999999658,0.43034171735185184,0.1406249999999999,0
135.6499999999966,0.42741638479246474,0.13796874999999986,0
135.6999999999966,0.42296842568718795,0.14109374999999988,0
135.74999999999662,0.4038616175260344,0.1390624999999999,0
135.79999999999663,0.38514645463548397,0.16796874999999994,0
135.84999999999664,0.36406643239240266,0.14078124999999989,0
135.89999999999665,0.34499138517661143,0.12796875000000013,0
135.94999999999666,0.3023200941051677,0.07203125000000007,0
135.99999999999667,0.31222936593778516,0.12984375000000017,0
136.0499999999967,0.7203192241765699,0.1976562500000002,0
136.0999999999967,0.7021182150926337,0.1504687500000001,0
136.1499999999967,0.6836225110706354,0.17781250000000015,0
136.19999999999672,0.6582537468628976,0.16843749999999985,0
136.24999999999673,0.6420458957347241,0.21859374999999978,0
136.29999999999674,0.6253565271761107,0.16953124999999986,0
136.34999999999675,0.6155259045890552,0.1467187500000001,0
136.39999999999677,0.604876732635521,0.10609375000000001,0
136.44999999999678,0.577368923050371,0.13609374999999985,0
136.4999999999968,0.5452868842363233,0.11500000000000003,0
136.5499999999968,0.530533065768168,0.11546874999999998,0
136.5999999999968,0.5011686378614021,0.0960937499999999,0
136.64999999999682,0.45839925146665533,0.08749999999999993,0
136.69999999999683,0.41103823636788,0.0968749999999999,0
136.74999999999685,0.36457483130549506,0.15109375000000003,0
136.79999999999686,0.31889364824710076,0.1546875,0
136.84999999999687,0.2765359227475795,0.09984374999999991,0
136.89999999999688,0.24208266852884958,0.16484374999999984,0
136.9499999999969,0.21268148412477272,0.09812499999999993,0
136.9999999999969,0.18045121542599005,0.15484375,0
137.0499999999969,0.46367776723212706,0.17750000000000016,0
137.09999999999692,0.45869881146349806,0.19765625000000014,0
137.14999999999694,0.4398725472850964,0.14750000000000013,0
137.19999999999695,0.4191336222832656,0.17687500000000017,0
137.24999999999696,0.3944427053566145,0.15875,0
137.29999999999697,0.39412818070931654,0.1615624999999998,0
137.34999999999698,0.35702037042598095,0.12640625000000014,0
137.399999999997,0.35064261430073373,0.07953125000000007,0
137.449999999997,0.33192805701053407,0.07937500000000007,0
137.49999999999702,0.29745391592273746,0.0921874999999999,0
137.54999999999703,0.2583923141670323,0.1862499999999998,0
137.59999999999704,0.22216520064830925,0.11703124999999995,0
137.64999999999705,0.21983660406135136,0.09906249999999991,0
137.69999999999706,0.18880303622513298,0.12640625000000014,0
137.74999999999707,0.12436150342884186,0.15671874999999996,0
137.79999999999708,0.10655562339187159,0.07031250000000007,0
137.8499999999971,0.11964393541705272,0.0970312499999999,0
137.8999999999971,0.09890174149064312,0.10734374999999999,0
137.94999999999712,0.09441232677195596,0.10734374999999999,0
137.99999999999713,0.11204282079890734,0.10906249999999998,0
138.04999999999714,0.3016873436900316,0.13312499999999988,0
138.09999999999715,0.29489544837330217,0.15203125,0
138.14999999999716,0.6563433205055288,0.16078124999999988,0
138.19999999999717,0.6435352476923221,0.13249999999999987,0
138.2499999999972,0.6080030775721329,0.15234375000000003,0
138.2999999999972,0.5755823475392233,0.13156249999999986,0
138.3499999999972,0.5787972240383152,0.0928124999999999,0
138.39999999999722,0.5631013712325659,0.0907812499999999,0
138.44999999999723,0.5599692154879067,0.15000000000000002,0
138.49999999999724,0.5354175353945027,0.0923437499999999,0
138.54999999999725,0.5136150400892168,0.13062499999999985,0
138.59999999999727,0.49463805726641513,0.12156250000000013,0
138.64999999999728,0.49392319468617557,0.0924999999999999,0
138.6999999999973,0.4803612465093637,0.11140624999999997,0
138.7499999999973,0.5646819555256234,0.11156249999999998,0
138.7999999999973,0.5649144665667829,0.1390625000000001,0
138.84999999999732,0.5440911512013032,0.08640624999999992,0
138.89999999999733,0.5138864088561567,0.13937500000000008,0
138.94999999999735,0.4914161966525593,0.12203125000000015,0
138.99999999999736,0.4933414516528448,0.0829687499999999,0
139.04999999999737,0.707933120161551,0.2129687499999997,0
139.09999999999738,0.6492910192272289,0.1637499999999998,0
139.1499999999974,0.6508979723628353,0.23062499999999994,0
139.1999999999974,0.6420476457003846,0.23062499999999994,0
139.2499999999974,0.6303396582124434,0.23062499999999994,0
139.29999999999742,0.6289570826562741,0.23062499999999994,1
139.34999999999744,0.6246061748329012,0.23062499999999994,1
139.39999999999745,0.6193291670493637,0.23062499999999994,1
139.44999999999746,0.6250502176214423,0.23062499999999994,1
139.49999999999747,0.6115248117805739,0.23062499999999994,1
139.54999999999748,0.6078123960018781,0.23062499999999994,1
139.5999999999975,0.5937691271508672,0.23062499999999994,1
139.6499999999975,0.5768311358108855,0.238125,0
139.69999999999752,0.558051401360842,0.238125,0
139.74999999999753,0.545845785979174,0.2414062500000001,0
139.79999999999754,0.5179279121991575,0.7289062500000009,0
139.84999999999755,0.4962712415662268,0.7364062500000009,0
139.89999999999756,0.5002859195176687,0.7271875000000009,0
139.94999999999757,0.47014313722551937,0.7268750000000008,0
139.99999999999758,0.4553683494915033,0.11718750000000003,0
140.0499999999976,0.9999998001934503,0.15187499999999998,0
140.0999999999976,0.9999997761158561,0.16093749999999982,0
140.14999999999762,0.6815303436039217,0.15906249999999983,0
140.19999999999763,0.6685716954560639,0.14218750000000008,0
140.24999999999764,0.669227382414468,0.14093750000000008,0
140.29999999999765,0.6680051643476795,0.12703124999999985,0
140.34999999999766,0.6786270002144777,0.0807812499999999,0
140.39999999999768,0.6567886518309167,0.07187500000000005,0
140.4499999999977,0.9999996675318925,0.13156249999999983,0
140.4999999999977,0.9999997560107302,0.09140624999999991,0
140.5499999999977,0.9999997412327116,0.14984374999999997,0
140.59999999999772,0.9999997414650658,0.07093750000000001,0
140.64999999999773,0.6248118112557572,0.09015624999999991,0
140.69999999999774,0.6000544444834494,0.12031250000000011,0
140.74999999999775,0.5887359969860823,0.10984375000000005,0
140.79999999999777,0.9999993768496112,0.15812499999999982,0
140.84999999999778,0.5854159808855627,0.12812499999999985,0
140.8999999999978,0.5680917747747007,0.06937500000000008,0
140.9499999999978,0.5549434141514518,0.09109374999999992,0
140.9999999999978,0.542668453715763,0.10093749999999999,0
141.04999999999782,0.7812153968737975,0.1596874999999999,0
141.09999999999783,0.9999998389364566,0.16062499999999988,0
141.14999999999785,0.758736169370712,0.16374999999999987,0
141.19999999999786,0.7606357516161346,0.1892187500000002,0
141.24999999999787,0.7483039443184316,0.11406250000000002,0
141.29999999999788,0.7430881835745876,0.08187499999999995,0
141.3499999999979,0.741438769248982,0.08062499999999992,0
141.3999999999979,0.7380334657657099,0.14484375,0
141.4499999999979,0.7260119009028266,0.15031250000000002,0
141.49999999999793,0.9999997503864119,0.16734375000000018,0
141.54999999999794,0.7010729990700437,0.09296874999999992,0
141.59999999999795,0.9999998184331819,0.10734375000000003,0
141.64999999999796,0.9999997946930215,0.15749999999999992,0
141.69999999999797,0.6756622094422046,0.12156250000000017,0
141.74999999999798,0.6591547236403213,0.09046874999999992,0
141.799999999998,0.9999997046223246,0.12015625000000014,0
141.849999999998,0.6184915152785252,0.12781249999999986,0
141.89999999999802,0.6292309505946858,0.13062499999999988,0
141.94999999999803,0.9999998146179279,0.09906250000000001,0
141.99999999999804,0.5895029253392984,0.07140625000000003,0
142.04999999999805,0.8718333871630967,0.1928125000000002,0
142.09999999999806,0.8639500785696027,0.18328124999999984,0
142.14999999999807,0.9999999346848532,0.15562499999999999,0
142.19999999999808,0.9999999316157933,0.18031249999999982,0
142.2499999999981,0.999999962754141,0.11796874999999996,0
142.2999999999981,0.9999999609228358,0.07812500000000003,0
142.34999999999812,0.8455909530355009,0.13359374999999984,0
142.39999999999813,0.8367646727452975,0.09546874999999991,0
142.44999999999814,0.8326829884898215,0.1439062500000001,0
142.49999999999815,0.8256830249111005,0.0973437499999999,0
142.54999999999816,0.820086252576937,0.13218749999999987,0
142.59999999999818,0.8137616202810276,0.12453125000000016,0
142.6499999999982,0.8044522068988506,0.0867187499999999,0
142.6999999999982,0.8005247300649351,0.12359375000000014,0
142.7499999999982,0.795284548869188,0.12390625000000015,0
142.79999999999822,0.9999999999998013,0.10640625,0
142.84999999999823,0.7902231426322525,0.105625,0
142.89999999999824,0.769726956506969,0.1426562500000001,0
142.94999999999825,0.9999999999997754,0.09640624999999989,0
142.99999999999827,0.9999999999997601,0.12390625000000015,0
143.04999999999828,0.8989038020784336,0.20390625,0
143.0999999999983,0.8972091676777953,0.13515624999999987,0
143.1499999999983,0.8940424553972558,0.15296875,0
143.1999999999983,0.8899384086647593,0.16281249999999986,0
143.24999999999832,0.8885576491346299,0.1634374999999999,0
143.29999999999833,0.884516364867822,0.11593750000000003,0
143.34999999999835,0.8803424782658219,0.13328124999999985,0
143.39999999999836,0.8766692598631778,0.12609375000000012,0
143.44999999999837,0.8726426092931238,0.10578125000000001,0
143.49999999999838,0.8686474599764618,0.10843749999999999,0
143.5499999999984,0.8641012097935384,0.11562500000000002,0
143.5999999999984,0.8593968037072429,0.08656249999999992,0
143.6499999999984,0.8544102404387954,0.10687499999999998,0
143.69999999999843,0.8474139940499175,0.11546875000000004,0
143.74999999999844,0.8421065127011612,0.12468750000000013,0
143.79999999999845,0.8362194297059204,0.10828125,0
143.84999999999846,0.8346618397112474,0.0879687499999999,0
143.89999999999847,0.8195586550330564,0.1065625,0
143.94999999999848,0.815963455327487,0.06890625000000004,0
143.9999999999985,0.9999999999999082,0.10546875,0
144.0499999999985,0.8822954346853501,0.18093749999999986,0
144.09999999999852,0.8786439877737899,0.16593749999999988,0
144.14999999999853,0.8748851121251683,0.21656250000000013,0
144.19999999999854,0.8721018018738581,0.1454687500000001,0
144.24999999999855,0.8645522042510175,0.15609374999999998,0
144.29999999999856,0.8613586137120368,0.14765625000000007,0
144.34999999999857,0.8560016309911388,0.08781249999999995,0
144.39999999999858,0.8516897543526579,0.10796874999999999,0
144.4499999999986,0.8458534626430524,0.10968749999999998,0
144.4999999999986,0.839881526343328,0.10578124999999998,0
144.54999999999862,0.8313435597885528,0.14375,0
144.59999999999863,0.9999999999999851,0.08328125000000006,0
144.64999999999864,0.9999999999999843,0.10625,0
144.69999999999865,0.8063401298792212,0.1075,0
144.74999999999866,0.7957663079541206,0.10765625000000001,0
144.79999999999868,0.7850807824403151,0.09656249999999993,0
144.8499999999987,0.7737700101882176,0.1273437500000001,0
144.8999999999987,0.7681511103543303,0.13593749999999988,0
144.9499999999987,0.9999999999999356,0.1078125,0
144.99999999999872,0.732520181101167,0.1268750000000001,0
145.04999999999873,0.9221079149082859,0.19734374999999987,0
145.09999999999874,0.9157322768081833,0.18859375000000014,0
145.14999999999876,0.9125246415064816,0.1992187500000002,0
145.19999999999877,0.9092015981187884,0.20093750000000016,0
145.24999999999878,0.9044060053851602,0.2007812500000002,0
145.2999999999988,0.8992412592700271,0.15859375000000003,0
145.3499999999988,0.8953529602883245,0.13359375000000015,0
145.3999999999988,0.894180741763803,0.14281249999999984,0
145.44999999999882,0.8906724177938372,0.09640624999999992,0
145.49999999999883,0.8861872841632,0.1609375,0
145.54999999999885,0.881566909503564,0.11421875000000001,0
145.59999999999886,0.8746307191894305,0.12546874999999993,0
145.64999999999887,0.9999999373337133,0.08671875000000008,0
145.69999999999888,0.8647786591731175,0.09656249999999991,0
145.7499999999989,0.9999999999998814,0.10562499999999997,0
145.7999999999989,0.9999999999998745,0.09671874999999991,0
145.84999999999891,0.8511091841384112,0.14281249999999984,0
145.89999999999893,0.8450897913981891,0.09828124999999995,0
145.94999999999894,0.8295241086254689,0.09609374999999992,0
145.99999999999895,0.8195852121938323,0.11671875000000002,0
146.04999999999896,0.999999963380131,0.17234375,0
146.09999999999897,0.8990264294586695,0.2256249999999998,0
146.14999999999898,0.8963971015626871,0.2239062499999998,0
146.199999999999,0.8896255397747163,0.20593750000000016,0
146.249999999999,0.884766382966489,0.18984375000000014,0
146.29999999999902,0.8797056248285039,0.09218750000000009,0
146.34999999999903,0.8781031031407618,0.1354687499999999,0
146.39999999999904,0.9999999999999083,0.169375,0
146.44999999999905,0.9999999501182354,0.1106249999999999,0
146.49999999999906,0.9999999475123535,0.10078125000000007,0
146.54999999999907,0.9999999437182784,0.1353124999999999,0
146.59999999999908,0.8422919003201317,0.14218750000000016,0
146.6499999999991,0.8273204152063325,0.11015624999999991,0
146.6999999999991,0.8201466923378585,0.18031249999999982,0
146.74999999999912,0.8120749855748959,0.1364062499999999,0
146.79999999999913,0.9999999104998845,0.1099999999999999,0
146.84999999999914,0.9999999016496979,0.15234374999999983,0
146.89999999999915,0.7733511647301988,0.14406250000000015,0
146.94999999999916,0.755007113265239,0.10937499999999992,0
146.99999999999918,0.7304400004949738,0.14500000000000013,0
147.0499999999992,0.9999999671370728,0.21437499999999998,0
147.0999999999992,0.9215943395382297,0.18546875000000013,0
147.1499999999992,0.9172279602775497,0.16765624999999998,0
147.19999999999922,0.9136742428570733,0.1860937500000001,0
147.24999999999923,0.9067998653187427,0.23421875,0
147.29999999999924,0.9019896491093318,0.1289062499999999,0
147.34999999999926,0.8963953366099625,0.11874999999999998,0
147.39999999999927,0.9999999466558337,0.11281249999999995,0
147.44999999999928,0.882979505306738,0.1457812499999999,0
147.4999999999993,0.9999999423080554,0.16593749999999996,0
147.5499999999993,0.9999999388572461,0.12218749999999998,0
147.5999999999993,0.8553191479731205,0.09156250000000007,0
147.64999999999932,0.8436361187233342,0.15578125000000015,0
147.69999999999933,0.8240474274547749,0.12734374999999992,0
147.74999999999935,0.9999998833808199,0.10999999999999992,0
147.79999999999936,0.8017746688413666,0.10953124999999994,0
147.84999999999937,0.9999999052041817,0.15593750000000012,0
147.89999999999938,0.9999999010520851,0.09953124999999992,0
147.9499999999994,0.7230112495806568,0.10843749999999994,0
147.9999999999994,0.6807956084903453,0.1282812499999999,0
148.04999999999941,0.8578759577959526,0.16234375000000012,0
148.09999999999943,0.8137138361956666,0.170625,0
148.14999999999944,0.9999999246542304,0.1796874999999999,0
148.19999999999945,0.7828422425539477,0.1559374999999999,0
148.24999999999946,0.7678998896650513,0.17890624999999988,0
148.29999999999947,0.7467624205067714,0.11656250000000005,0
148.34999999999948,0.7259775048445415,0.14234375000000013,0
148.3999999999995,0.6883783976168065,0.1409375000000001,0
148.4499999999995,0.6754066271517328,0.15859375000000012,0
148.49999999999952,0.6712530246697385,0.1326562499999999,0
148.54999999999953,0.6623864251544419,0.13265624999999992,0
148.59999999999954,0.6499917202208501,0.1395312500000001,0
148.64999999999955,0.6163447363936226,0.11515625000000003,0
148.69999999999956,0.5863784309529406,0.13562499999999988,0
148.74999999999957,0.5316127255488697,0.09750000000000007,0
148.79999999999959,0.9999994081032875,0.11468750000000005,0
148.8499999999996,0.5110842262502092,0.15843750000000015,0
148.8999999999996,0.4554618381551343,0.14328125000000014,0
148.94999999999962,0.4230863848279447,0.14187500000000014,0
148.99999999999963,0.3861622376855559,0.1512499999999999,0
149.04999999999964,0.7287272092214773,0.13906250000000014,0
149.09999999999965,0.9999997075522791,0.13843750000000016,0
149.14999999999966,0.6941565974982528,0.1335937499999999,0
149.19999999999968,0.6916984065639596,0.10374999999999997,0
149.2499999999997,0.6676799774412172,0.11046875000000007,0
149.2999999999997,0.6526863935971458,0.10046874999999995,0
149.3499999999997,0.6221007738770071,0.1562500000000001,0
149.39999999999972,0.5950315147205222,0.16453124999999996,0
149.44999999999973,0.9999999999950647,0.13750000000000015,0
149.49999999999974,0.49080791219078457,0.1562500000000001,0
149.54999999999976,0.4728409281116223,0.13953125000000016,0
149.59999999999977,0.43821433217134115,0.14765624999999985,0
149.64999999999978,0.4052907021355226,0.14578124999999983,0
149.6999999999998,0.36156157727923827,0.10906250000000006,0
149.7499999999998,0.32311954205149224,0.09968749999999996,0
149.7999999999998,0.26039726986606004,0.1295312499999999,0
149.84999999999982,0.19733797603123676,0.11765625000000002,0
149.89999999999984,0.9999990930983471,0.12781249999999994,0
149.94999999999985,0.17887458985319554,0.10031249999999996,0
149.99999999999986,0.177230168436021,0.11031250000000008,0
150.04999999999987,0.5310061514827572,0.20781250000000004,0
150.09999999999988,0.4599913007555573,0.1951562500000002,0
150.1499999999999,0.3737271893195923,0.20546875,0
150.1999999999999,0.3750491619736245,0.18031250000000018,0
150.24999999999991,0.3560646071577079,0.22453125000000002,0
150.29999999999993,0.25024665282566516,0.11687499999999991,0
150.34999999999994,0.20562691220115153,0.11796874999999993,0
150.39999999999995,0.18265023251073317,0.11593749999999994,0
150.44999999999996,0.12839787890326648,0.1471875000000001,0
150.49999999999997,0.12413936489705904,0.09843749999999991,0
150.54999999999998,0.1797418276507461,0.09749999999999992,0
150.6,0.2237704371994041,0.14640625000000013,0
150.65,0.24242524343429078,0.1460937500000001,0
150.70000000000002,0.4127820608473354,0.1275000000000001,0
150.75000000000003,0.4111201876815262,0.09890624999999992,0
150.80000000000004,0.4047912223600969,0.1654687499999999,0
150.85000000000005,0.3932043053862292,0.11796874999999991,0
150.90000000000006,0.3818810805259409,0.10109374999999994,0
150.95000000000007,0.36337700573083626,0.11468749999999994,0
151.00000000000009,0.47944834655130614,0.21875,0
151.0500000000001,0.483796091518158,0.18062499999999987,0
151.1000000000001,0.4641946014326702,0.1909375000000002,0
151.15000000000012,0.4370687974349016,0.23125,0
151.20000000000013,0.4113351002648551,0.23968750000000033,0
151.25000000000014,0.3831171534116797,0.19968750000000002,0
151.30000000000015,0.37161950509462577,0.11640625000000011,0
151.35000000000016,0.3654693326788508,0.10812500000000005,0
151.40000000000018,0.33251394638161913,0.10781250000000005,0
151.4500000000002,0.31401069015701794,0.08624999999999992,0
151.5000000000002,0.27254220251588995,0.10953125000000004,0
151.5500000000002,0.2241213624947742,0.13796875000000008,0
151.60000000000022,0.2090716942500289,0.18875000000000022,0
151.65000000000023,0.21963241519565072,0.13234374999999984,0
151.70000000000024,0.19053855859523985,0.07749999999999996,0
151.75000000000026,0.18462724481836462,0.096875,0
151.80000000000027,0.17423382688721012,0.09625,0
151.85000000000028,0.1656549093051962,0.08609374999999993,0
151.9000000000003,0.1581540429983549,0.09765625,0
151.9500000000003,0.13587888549893093,0.10718750000000006,0
152.0000000000003,0.4113593880591418,0.12031250000000013,0
152.05000000000032,0.418898189142588,0.11312500000000014,0
152.10000000000034,0.41742546794626667,0.10375000000000005,0
152.15000000000035,0.41142312592826347,0.11312500000000017,0
152.20000000000036,0.4067169138210276,0.15015624999999988,0
152.25000000000037,0.4202968746820561,0.12359374999999986,0
152.30000000000038,0.41886781680759577,0.13109375000000004,0
152.3500000000004,0.41795098314402224,0.10390625000000006,0
152.4000000000004,0.41197597615798687,0.07968749999999991,0
152.45000000000041,0.40526394927244463,0.12234374999999983,0
152.50000000000043,0.4075037651679758,0.12203124999999984,0
152.55000000000044,0.3978845584297305,0.11171875000000013,0
152.60000000000045,0.38807230678886984,0.08312499999999992,0
152.65000000000046,0.3717241692223439,0.12062499999999984,0
152.70000000000047,0.3781725284577601,0.08140624999999992,0
152.75000000000048,0.3758873054540736,0.09171874999999999,0
152.8000000000005,0.3663208183342276,0.10000000000000009,0
152.8500000000005,0.3587711426095933,0.12015624999999985,0
152.90000000000052,0.34156695717147695,0.0903125,0
152.95000000000053,0.3137706241494804,0.0928125,0
153.00000000000054,0.6173546076830417,0.16124999999999984,0
153.05000000000055,0.6234647804652148,0.1614062500000002,0
153.10000000000056,0.6251169831054209,0.14015625,0
153.15000000000057,0.6231449495580865,0.1596875000000002,0
153.20000000000059,0.6220015453815634,0.13953125000000002,0
153.2500000000006,0.6144436327123726,0.1610937500000002,0
153.3000000000006,0.6076607704168872,0.07312499999999988,0
153.35000000000062,0.5835168418760744,0.09343750000000009,0
153.40000000000063,0.582794954490702,0.07453124999999991,0
153.45000000000064,0.5712254492062977,0.10421875000000014,0
153.50000000000065,0.5649416381685304,0.0753124999999999,0
153.55000000000067,0.5665871866899356,0.12796875000000008,0
153.60000000000068,0.5567793243118391,0.09656250000000009,0
153.6500000000007,0.5417062822825817,0.09109375,0
153.7000000000007,0.5469475009574243,0.1590625000000002,0
153.7500000000007,0.5418270502682276,0.09453125000000011,0
153.80000000000072,0.525601606838815,0.084375,0
153.85000000000073,0.5188913595934849,0.11562499999999984,0
153.90000000000074,0.5117539460180404,0.14437499999999986,0
153.95000000000076,0.5013479385452791,0.06187499999999996,0
154.00000000000077,0.46968461571030384,0.15578124999999982,0
154.05000000000078,0.45871723183263957,0.1581249999999998,0
154.1000000000008,0.4339161039283956,0.14921874999999996,0
154.1500000000008,0.4166299995092874,0.1587499999999998,0
154.2000000000008,0.41010083723236523,0.12828124999999985,0
154.25000000000082,0.40808127838664776,0.14796874999999998,0
154.30000000000084,0.410047513186146,0.14703124999999997,0
154.35000000000085,0.410731486796157,0.09828125000000001,0
154.40000000000086,0.35899175552046736,0.11875000000000016,0
154.45000000000087,0.3597271283211347,0.13640625000000006,0
154.50000000000088,0.33866999286918487,0.1078125,0
154.5500000000009,0.3380218878356336,0.10874999999999999,0
154.6000000000009,0.3389337167390391,0.11562500000000016,0
154.65000000000092,0.3298761516806938,0.12687499999999985,0
154.70000000000093,0.3104829272527081,0.10703125,0
154.75000000000094,0.31155680467261665,0.1475,0
154.80000000000095,0.3181659853382451,0.08749999999999994,0
154.85000000000096,0.31043650004603185,0.13640625000000012,0
154.90000000000097,0.29813694155963666,0.11765625000000017,0
154.95000000000098,0.28230290871644687,0.0760937499999999,0
155.000000000001,0.5957424597013261,0.13687499999999989,0
155.050000000001,0.5820006502636454,0.1728124999999998,0
155.10000000000102,0.5669389668571945,0.15343749999999987,0
155.15000000000103,0.567250260138827,0.11859375000000014,0
155.20000000000104,0.5633750514704015,0.18921874999999996,0
155.25000000000105,0.5567652968199087,0.16156250000000014,0
155.30000000000106,0.5471157083513964,0.07593749999999996,0
155.35000000000107,0.5409809660476544,0.09296875,0
155.40000000000109,0.5405785511152689,0.09296875,0
155.4500000000011,0.5287063050420403,0.12171874999999985,0
155.5000000000011,0.5175742656232527,0.15281249999999985,0
155.55000000000112,0.5072792059649415,0.12390624999999986,0
155.60000000000113,0.5007429462705316,0.08390624999999992,0
155.65000000000114,0.49643575555601904,0.10390625000000005,0
155.70000000000115,0.48655713670841044,0.12187499999999987,0
155.75000000000117,0.47338492959270445,0.07562499999999996,0
155.80000000000118,0.4725994242682966,0.09343750000000002,0
155.8500000000012,0.464767059024669,0.12203124999999986,0
155.9000000000012,0.4578772459844413,0.10359375000000007,0
155.9500000000012,0.43898785894104636,0.11218750000000013,0
156.00000000000122,0.7106844688676147,0.22750000000000004,0
156.05000000000123,0.7053272175074261,0.18656249999999988,0
156.10000000000124,0.6997664533991625,0.19187500000000018,0
156.15000000000126,0.6886891336648858,0.1937500000000002,0
156.20000000000127,0.6831815522974711,0.19359375000000018,0
156.25000000000128,0.6783236309852726,0.20093750000000005,0
156.3000000000013,0.6683634739342115,0.11593750000000005,0
156.3500000000013,0.6586588608134081,0.13374999999999987,0
156.4000000000013,0.6541744047062873,0.09671874999999992,0
156.45000000000132,0.6434649156658083,0.11515625000000003,0
156.50000000000134,0.641832605790333,0.09859374999999991,0
156.55000000000135,0.6232655208288193,0.09765624999999992,0
156.60000000000136,0.6053206317690852,0.13343749999999988,0
156.65000000000137,0.5937746317875104,0.1078125,0
156.70000000000138,0.5822648703005725,0.1432812500000001,0
156.7500000000014,0.5739637714158848,0.10609374999999999,0
156.8000000000014,0.5635069947151706,0.12578125000000012,0
156.85000000000142,0.5552670350218015,0.08890624999999994,0
156.90000000000143,0.5340761396227144,0.1404687500000001,0
156.95000000000144,0.51228650670295,0.08765624999999992,0
157.00000000000145,0.6383731269065982,0.1275000000000001,0
157.05000000000146,0.6314393372384106,0.09578124999999989,0
157.10000000000147,0.6266665422247232,0.1329687499999998,0
157.15000000000148,0.6074742158046103,0.12437500000000012,0
157.2000000000015,0.6022923649146256,0.12359375000000013,0
157.2500000000015,0.5892482791809767,0.13296874999999983,0
157.30000000000152,0.5762099444217613,0.07921875000000005,0
157.35000000000153,0.5629232204094852,0.13015624999999983,0
157.40000000000154,0.5487171118382583,0.08562499999999988,0
157.45000000000155,0.5330563883514648,0.09718749999999989,0
157.50000000000156,0.530431886628111,0.13374999999999984,0
157.55000000000157,0.5197686139641092,0.12515625000000005,0
157.6000000000016,0.5097010571294011,0.11390625000000001,0
157.6500000000016,0.4939520643458692,0.10624999999999996,0
157.7000000000016,0.4842998690629193,0.12281250000000013,0
157.75000000000162,0.4651566083030244,0.09593749999999988,0
157.80000000000163,0.45393213971664553,0.17453125000000017,0
157.85000000000164,0.4771565878645885,0.10718749999999996,0
157.90000000000165,0.4540802076627505,0.12625000000000014,0
157.95000000000167,0.4482888007299166,0.12375000000000011,0
158.00000000000168,0.5669271028954245,0.19109374999999987,0
158.0500000000017,0.5625432170459208,0.2007812500000002,0
158.1000000000017,0.5511143229534898,0.16390625,0
158.1500000000017,0.5283639860278663,0.1370312500000001,0
158.20000000000172,0.5278493946477388,0.15234375000000014,0
158.25000000000173,0.5037314602374651,0.17124999999999987,0
158.30000000000175,0.501376185800663,0.12328125000000004,0
158.35000000000176,0.4919904272792249,0.12375,0
158.40000000000177,0.471496397271804,0.11515625,0
158.45000000000178,0.43581656291737425,0.10515624999999995,0
158.5000000000018,0.4114488321609344,0.1331250000000001,0
158.5500000000018,0.40215945816239296,0.12484375000000003,0
158.6000000000018,0.38743488260375086,0.13218750000000012,0
158.65000000000182,0.36292571047886635,0.12375000000000003,0
158.70000000000184,0.3496744598724257,0.14109374999999988,0
158.75000000000185,0.3260550296895457,0.08093750000000006,0
158.80000000000186,0.3023282878791833,0.1392187499999999,0
158.85000000000187,0.28955242472527276,0.13390625000000014,0
158.90000000000188,0.29949812025075234,0.0892187500000001,0
158.9500000000019,0.2890678252408211,0.12546875,0
159.0000000000019,0.7946121995131404,0.25453125,0
159.05000000000192,0.7937556149233792,0.22671874999999972,0
159.10000000000193,0.7851989738035874,0.18421874999999982,0
159.15000000000194,0.7764366856658175,0.21421874999999999,0
159.20000000000195,0.7643587186457425,0.24546874999999996,0
159.25000000000196,0.7644643222502586,0.11124999999999992,0
159.30000000000197,0.7539688125885252,0.10843749999999994,0
159.35000000000198,0.7408142824889272,0.14703124999999984,0
159.400000000002,0.7316001119884885,0.11937499999999997,0
159.450000000002,0.7201022049235595,0.13093749999999998,0
159.50000000000202,0.7052300743315554,0.12140624999999998,0
159.55000000000203,0.6960338142853966,0.14546874999999984,0
159.60000000000204,0.690600364052675,0.12765625000000003,0
159.65000000000205,0.6732274302767005,0.12203125,0
159.70000000000206,0.6578119944458709,0.14624999999999982,0
159.75000000000207,0.64184788267025,0.1370312500000001,0
159.8000000000021,0.6142635958325836,0.09890624999999992,0
159.8500000000021,0.5881236261830233,0.14343749999999983,0
159.9000000000021,0.5604045675476012,0.13796875000000008,0
159.95000000000212,0.5369733832703524,0.11718749999999997,0
160.00000000000213,0.7474032581586736,0.20656249999999984,0
160.05000000000214,0.7406418143666332,0.1770312499999998,0
160.10000000000215,0.7382269610280205,0.234375,0
160.15000000000217,0.7252124623554951,0.22499999999999973,0
160.20000000000218,0.7147828961250988,0.20390625000000018,0
160.2500000000022,0.7015361141566793,0.22421874999999974,0
160.3000000000022,0.6890050960251233,0.09859374999999991,0
160.3500000000022,0.6857219697302029,0.12484375,0
160.40000000000222,0.6654972813388187,0.0939062500000001,0
160.45000000000223,0.64733683965754,0.14359374999999983,0
160.50000000000225,0.6233656426775481,0.08875000000000009,0
160.55000000000226,0.5957663602028874,0.10124999999999991,0
160.60000000000227,0.5745360957878559,0.12484375,0
160.65000000000228,0.5565386219768939,0.12796875000000002,0
160.7000000000023,0.5495234851972612,0.10796874999999995,0
160.7500000000023,0.5310069924201907,0.10812499999999996,0
160.8000000000023,0.5139397301542195,0.14562499999999984,0
160.85000000000232,0.4956590636776461,0.1721874999999998,0
160.90000000000234,0.4619282942318149,0.12875,0
160.95000000000235,0.4379387746163802,0.13703125000000013,0
161.00000000000236,0.7052402999760218,0.27375,0
161.05000000000237,0.7013726586657058,0.19828124999999977,0
161.10000000000238,0.6919817254117346,0.2085937500000002,0
161.1500000000024,0.6793486494966933,0.20718750000000022,0
161.2000000000024,0.6618108669939454,0.21187499999999998,0
161.25000000000242,0.6359683694259272,0.2328125,0
161.30000000000243,0.6043157809775395,0.11203124999999999,0
161.35000000000244,0.5808124719696505,0.14031249999999978,0
161.40000000000245,0.5682889673076247,0.12640624999999994,0
161.45000000000246,0.5477794357504957,0.113125,0
161.50000000000247,0.5370168734419272,0.11187499999999999,0
161.55000000000248,0.5010874201620987,0.09249999999999987,0
161.6000000000025,0.45989891356168294,0.13265625000000017,0
161.6500000000025,0.40919424287610995,0.14234374999999982,0
161.70000000000252,0.38224073133333347,0.14062499999999978,0
161.75000000000253,0.35603018410062254,0.0948437499999999,0
161.80000000000254,0.3324140248599073,0.0846875000000001,0
161.85000000000255,0.31376723889288544,0.13062500000000016,0
161.90000000000256,0.2678621040931224,0.11296874999999999,0
161.95000000000258,0.23911174140788616,0.12203124999999997,0
162.0000000000026,0.18963066377164084,0.2379687499999997,0
162.0500000000026,0.1993395343437269,0.2340624999999997,0
162.1000000000026,0.18553550010796088,0.2204687500000002,0
162.15000000000262,0.14890826371900703,0.21187499999999987,0
162.20000000000263,0.14125129464832734,0.21187499999999987,0
162.25000000000264,0.1331954454753939,0.21187499999999987,0
162.30000000000265,0.12748219512184528,0.21187499999999987,1
162.35000000000267,0.1255127857224634,0.21187499999999987,1
162.40000000000268,0.11768614419325145,0.21187499999999987,1
162.4500000000027,0.11925893376384021,0.21187499999999987,1
162.5000000000027,0.12359777679422548,0.21187499999999987,1
162.5500000000027,0.12166190706199227,0.21187499999999987,1
162.60000000000272,0.12165162498616211,0.21187499999999987,1
162.65000000000273,0.12241055882140392,0.21187499999999987,0
162.70000000000275,0.12241055882140399,0.2184374999999999,0
162.75000000000276,0.12241055882140402,0.2184374999999999,0
162.80000000000277,0.13376601695472998,0.55953125,0
162.85000000000278,0.1375792695765407,0.57921875,0
162.9000000000028,0.1458364553541176,0.5710937500000001,0
162.9500000000028,0.1666873003768397,0.5712500000000001,0
163.0000000000028,0.39501138632987864,0.1792187500000002,0
163.05000000000283,0.39587299022508543,0.1699999999999999,0
163.10000000000284,0.3591156788667341,0.18343750000000003,0
163.15000000000285,0.344633747832876,0.17421875000000026,0
163.20000000000286,0.34264569375949394,0.17515625000000024,0
163.25000000000287,0.733748584906464,0.1521874999999999,0
163.30000000000288,0.7107977524364251,0.15640625000000022,0
163.3500000000029,0.6771731236231373,0.1567187500000002,0
163.4000000000029,0.6575689664409733,0.12359374999999984,0
163.45000000000292,0.6318788218149609,0.14624999999999988,0
163.50000000000293,0.6021834149146965,0.1723437500000002,0
163.55000000000294,0.6021705048407875,0.13218750000000015,0
163.60000000000295,0.5922162528592182,0.13781250000000003,0
163.65000000000296,0.5927514915176955,0.1467187499999999,0
163.70000000000297,0.5971057779615392,0.14140625000000004,0
163.75000000000298,0.6168401731491288,0.1465624999999999,0
163.800000000003,0.6049958143503265,0.1471874999999999,0
163.850000000003,0.5802124995113715,0.13156250000000017,0
163.90000000000302,0.6633261886520566,0.13078125000000013,0
163.95000000000303,0.6363369511583522,0.1790625,0
164.00000000000304,0.7252223319611368,0.22187499999999996,0
164.05000000000305,0.7424757342586534,0.20140625000000015,0
164.10000000000306,0.6829336442980667,0.18171874999999998,0
164.15000000000308,0.6452119426339367,0.19078124999999974,0
164.2000000000031,0.6406949191008734,0.20859374999999986,0
164.2500000000031,0.6206876222700726,0.1550000000000002,0
164.3000000000031,0.6031088809714901,0.1442187499999999,0
164.35000000000312,0.5841150930707161,0.13734375,0
164.40000000000313,0.5642910507854332,0.1457812499999999,0
164.45000000000314,0.5539713776539104,0.1378125,0
164.50000000000315,0.505797300391253,0.13703125,0
164.55000000000317,0.46956452996369713,0.16156249999999983,0
164.60000000000318,0.4714366052760089,0.12953125000000015,0
164.6500000000032,0.46270808334104846,0.12875000000000014,0
164.7000000000032,0.44400694579521405,0.12031249999999982,0
164.7500000000032,0.4180707623982414,0.11078125000000016,0
164.80000000000322,0.4054477002496188,0.16312499999999983,0
164.85000000000323,0.3253775008223866,0.13921875,0
164.90000000000325,0.3026765508800623,0.1310937500000001,0
164.95000000000326,0.22197494972097526,0.12718750000000012,0
165.00000000000327,0.7977505975974775,0.23281250000000003,0
165.05000000000328,0.8074484216161801,0.23156249999999973,0
165.1000000000033,0.8084458012606862,0.22093749999999995,0
165.1500000000033,0.8029513839693868,0.17609375000000002,0
165.2000000000033,0.7956737659558861,0.1679687500000002,0
165.25000000000333,0.7925743342380913,0.1940625000000002,0
165.30000000000334,0.7833601454840344,0.1325,0
165.35000000000335,0.7831835024739902,0.11875000000000009,0
165.40000000000336,0.7820796834754414,0.1470312500000002,0
165.45000000000337,0.7802008528642554,0.11921875000000008,0
165.50000000000338,0.9999998761049673,0.1265625,0
165.5500000000034,0.7531013390291211,0.15453124999999984,0
165.6000000000034,0.7507054466919394,0.1198437500000001,0
165.65000000000342,0.73368438716564,0.14453125000000017,0
165.70000000000343,0.7270432443835824,0.13609374999999993,0
165.75000000000344,0.7215881107866641,0.11875000000000006,0
165.80000000000345,0.9999998894672939,0.10781249999999984,0
165.85000000000346,0.6924563487278829,0.13,0
165.90000000000347,0.9999997582949657,0.13593749999999988,0
165.95000000000348,0.6524718102386486,0.11781250000000006,0
166.0000000000035,0.8204546056048941,0.2062500000000001,0
166.0500000000035,0.8213388790111182,0.19937499999999983,0
166.10000000000352,0.8197134300468021,0.20812500000000017,0
166.15000000000353,0.8157441159381559,0.19890624999999987,0
166.20000000000354,0.8066550995691261,0.1725,0
166.25000000000355,0.7939947212388894,0.20937500000000023,0
166.30000000000356,0.7925409119289412,0.1626562500000001,0
166.35000000000358,0.7822538247435081,0.16187500000000013,0
166.4000000000036,0.7778187328690032,0.16140625000000014,0
166.4500000000036,0.7681107940344154,0.17656249999999987,0
166.5000000000036,0.7545152049889595,0.13593749999999993,0
166.55000000000362,0.9999999178440346,0.14296875000000014,0
166.60000000000363,0.9999999101745392,0.10515624999999991,0
166.65000000000364,0.9999999132899139,0.11390625000000001,0
166.70000000000366,0.9999999074095808,0.13578124999999994,0
166.75000000000367,0.7171023091381586,0.12390625000000002,0
166.80000000000368,0.7282234511358373,0.1509374999999999,0
166.8500000000037,0.68774812146366,0.12328125000000001,0
166.9000000000037,0.9999998772580388,0.0953125000000001,0
166.9500000000037,0.648142635962277,0.13296874999999994,0
167.00000000000372,0.999999975576218,0.2765625,0
167.05000000000373,0.9999999752908985,0.2768749999999997,0
167.10000000000375,0.9345351078095193,0.2671875,0
167.15000000000376,0.9319832215066157,0.24750000000000005,0
167.20000000000377,0.9310848120526123,0.24484375000000003,0
167.25000000000378,0.9288990725125807,0.2651562499999999,0
167.3000000000038,0.9999999999999031,0.11531250000000001,0
167.3500000000038,0.9999999999998946,0.1435937499999999,0
167.4000000000038,0.9999999999998893,0.1342187500000001,0
167.45000000000383,0.9234412403416372,0.1140625,0
167.50000000000384,0.9226133330585213,0.09468749999999988,0
167.55000000000385,0.917422514196715,0.1732812499999998,0
167.60000000000386,0.9999999654951595,0.11828125,0
167.65000000000387,0.9115818459385171,0.10499999999999998,0
167.70000000000388,0.9079958542189069,0.12578124999999996,0
167.7500000000039,0.9999999609938949,0.11546875000000001,0
167.8000000000039,0.9013170860421411,0.0985937499999999,0
167.85000000000392,0.8991999724103812,0.17156249999999984,0
167.90000000000393,0.8962789946254047,0.12703124999999996,0
167.95000000000394,0.9999999999999174,0.10531249999999996,0
168.00000000000395,0.9999999999999261,0.17874999999999977,0
168.05000000000396,0.9999999999999256,0.16546874999999997,0
168.10000000000397,0.9999999999999212,0.15625000000000008,0
168.15000000000398,0.8959459681064672,0.15625000000000008,0
168.200000000004,0.8960703652908997,0.15625000000000008,0
168.250000000004,0.9042752756061706,0.15625000000000008,1
168.30000000000402,0.9999999999999104,0.15625000000000008,1
168.35000000000403,0.9999999731280476,0.15625000000000008,1
168.40000000000404,0.9999999716705671,0.15625000000000008,1
168.45000000000405,0.9999999697307537,0.15625000000000008,1
168.50000000000406,0.9999999999999438,0.15625000000000008,1
168.55000000000408,0.9999999999999413,0.15625000000000008,1
168.6000000000041,0.9999999647406893,0.15625000000000008,1
168.6500000000041,0.999999999999933,0.16437500000000008,0
168.7000000000041,0.9999999595676197,0.16437500000000008,0
168.75000000000412,0.9999999564646664,0.16343750000000007,0
168.80000000000413,0.9999999517509347,0.6509375000000007,0
168.85000000000414,0.9999999483627992,0.6590625000000008,0
168.90000000000416,0.9999999412183469,0.6500000000000007,0
168.95000000000417,0.9999999327914615,0.6501562500000007,0
169.00000000000418,0.8659304492078138,0.16093749999999982,0
169.0500000000042,0.8564344156391636,0.2018750000000001,0
169.1000000000042,0.8500307697221771,0.18703125000000012,0
169.1500000000042,0.8390440378583679,0.18687500000000012,0
169.20000000000422,0.8351535404440027,0.18671875000000013,0
169.25000000000423,0.8305400921160251,0.19499999999999978,0
169.30000000000425,0.8247071918994127,0.14359375000000008,0
169.35000000000426,0.816145283558389,0.16515624999999998,0
169.40000000000427,0.9999999999999628,0.1321874999999999,0
169.45000000000428,0.8046285361151757,0.12578124999999996,0
169.5000000000043,0.7996427241823103,0.1318749999999999,0
169.5500000000043,0.7945926475363423,0.1412500000000001,0
169.60000000000431,0.787853876498493,0.16937499999999994,0
169.65000000000433,0.7837113445180383,0.12312499999999997,0
169.70000000000434,0.7747069124007646,0.14843749999999983,0
169.75000000000435,0.7667155939261245,0.11906250000000003,0
169.80000000000436,0.7639323850932378,0.13234374999999987,0
169.85000000000437,0.7549920227808203,0.1548437500000001,0
169.90000000000438,0.7474178631133617,0.10796874999999988,0
169.9500000000044,0.7394898455728188,0.1057812499999999,0
170.0000000000044,0.8990324596050102,0.18562499999999982,0
170.05000000000442,0.8957057731713596,0.13187499999999994,0
170.10000000000443,0.9999999999999792,0.1570312500000002,0
170.15000000000444,0.8909021635416907,0.16484375,0
170.20000000000445,0.8864380070910473,0.13031249999999994,0
170.25000000000446,0.8824461041824324,0.1729687499999998,0
170.30000000000447,0.8785832281715846,0.1353125000000002,0
170.35000000000448,0.8741983407159329,0.10968750000000005,0
170.4000000000045,0.8688837210373026,0.10453124999999992,0
170.4500000000045,0.9999999999999446,0.14687499999999987,0
170.50000000000452,0.9999999999999434,0.1375000000000002,0
170.55000000000453,0.9999999999999409,0.1295312499999999,0
170.60000000000454,0.8581731970631173,0.10421874999999994,0
170.65000000000455,0.8416505282854979,0.16296875000000002,0
170.70000000000456,0.8361700392402207,0.12843749999999993,0
170.75000000000458,0.9999999192653467,0.11875000000000002,0
170.8000000000046,0.8207267950869382,0.1001562499999999,0
170.8500000000046,0.8093566680291376,0.1540625000000002,0
170.9000000000046,0.7996345169834312,0.12015625000000003,0
170.95000000000462,0.7890322649022766,0.13734375000000018,0
171.00000000000463,0.8815824269764194,0.13281249999999983,0
171.05000000000464,0.8802265115838248,0.16749999999999982,0
171.10000000000466,0.8737718570489718,0.14218749999999983,0
171.15000000000467,0.8731369444929524,0.17703125000000022,0
171.20000000000468,0.866199208656421,0.13015625000000014,0
171.2500000000047,0.8616212622995454,0.1696874999999998,0
171.3000000000047,0.8559972264709951,0.12015624999999996,0
171.3500000000047,0.8495293173556839,0.12921875000000016,0
171.40000000000472,0.9999999999998735,0.13843749999999982,0
171.45000000000474,0.9999999999998658,0.1103125,0
171.50000000000475,0.9999999999998536,0.12328124999999994,0
171.55000000000476,0.8228125784896229,0.14671875000000018,0
171.60000000000477,0.8157892263214613,0.15468750000000003,0
171.65000000000478,0.8069798893061015,0.12062499999999994,0
171.7000000000048,0.7955279990320561,0.12890625000000017,0
171.7500000000048,0.7806345296873928,0.153125,0
171.80000000000481,0.9999998569100252,0.1006249999999999,0
171.85000000000483,0.9999998728704771,0.14781250000000018,0
171.90000000000484,0.7432787047586077,0.10140624999999995,0
171.95000000000485,0.7283973732555609,0.09078124999999986,0
172.00000000000486,0.9180956550219568,0.1896875000000002,0
172.05000000000487,0.9149552813390908,0.19531250000000022,0
172.10000000000488,0.9090908719470358,0.16421874999999983,0
172.1500000000049,0.906077297710364,0.22140625000000003,0
172.2000000000049,0.9020079401167097,0.18281249999999988,0
172.25000000000492,0.8962751554554405,0.1917187500000002,0
172.30000000000493,0.89168860220794,0.13187499999999983,0
172.35000000000494,0.883471578412008,0.11921875000000018,0
172.40000000000495,0.8754018347267966,0.09343749999999991,0
172.45000000000496,0.8668850671669115,0.13062499999999985,0
172.50000000000497,0.8608802173363077,0.12203125000000017,0
172.55000000000499,0.8518053524093473,0.1025,0
172.600000000005,0.8372449188651905,0.1392187500000001,0
172.650000000005,0.8275077600605112,0.12156250000000017,0
172.70000000000502,0.8101450790870807,0.10328125000000002,0
172.75000000000503,0.7883493700322208,0.12140625000000019,0
172.80000000000504,0.7598282084473473,0.1720312500000002,0
172.85000000000505,0.7483098569951199,0.12546875000000018,0
172.90000000000506,0.7237228849582061,0.08312499999999994,0
172.95000000000508,0.6913993332699332,0.11062499999999997,0
173.0000000000051,0.8764532734568555,0.20078125000000027,0
173.0500000000051,0.8683389202496216,0.1398437500000001,0
173.1000000000051,0.8564342389910078,0.17125000000000018,0
173.15000000000512,0.8407498262868324,0.17015625000000018,0
173.20000000000513,0.8303234340456274,0.19812500000000002,0
173.25000000000514,0.821891430576798,0.1907812500000002,0
173.30000000000516,0.8029526576878736,0.08921874999999987,0
173.35000000000517,0.9999998795344414,0.11531250000000011,0
173.40000000000518,0.774597068114567,0.08734374999999987,0
173.4500000000052,0.7516736550591999,0.09671874999999999,0
173.5000000000052,0.7197568435041551,0.11718750000000011,0
173.5500000000052,0.9999998323845577,0.13859375000000007,0
173.60000000000522,0.686584067095966,0.10703125000000002,0
173.65000000000524,0.9999998146327598,0.12671874999999985,0
173.70000000000525,0.9999998018287094,0.09937499999999996,0
173.75000000000526,0.5724160576166952,0.11906250000000011,0
173.80000000000527,0.4877439072430187,0.14390625,0
173.85000000000528,0.3874025818140414,0.1376562500000001,0
173.9000000000053,0.3180727431853606,0.13015624999999983,0
173.9500000000053,0.9999989665620987,0.08640624999999988,0
174.00000000000531,0.9999998965389085,0.18390624999999985,0
174.05000000000533,0.9999998957806192,0.17515624999999982,0
174.10000000000534,0.818442269740634,0.15421874999999993,0
174.15000000000535,0.7958723628479014,0.1621875000000002,0
174.20000000000536,0.772003960354359,0.1001562500000001,0
174.25000000000537,0.7518109259083465,0.07843749999999991,0
174.30000000000538,0.7415350683898343,0.10390625000000006,0
174.3500000000054,0.7091187596062882,0.12593750000000004,0
174.4000000000054,0.6853608134737326,0.0773437499999999,0
174.45000000000542,0.6414341102098777,0.139375,0
174.50000000000543,0.5904238945290107,0.085625,0
174.55000000000544,0.5182573284488786,0.0975000000000001,0
174.60000000000545,0.5006668965869803,0.1490624999999999,0
174.65000000000546,0.4457372446410815,0.0951562500000001,0
174.70000000000547,0.9999999999969322,0.0840625,0
174.75000000000549,0.999999999997654,0.13062500000000005,0
174.8000000000055,0.2769306959341604,0.08640624999999999,0
174.8500000000055,0.19379348396762133,0.06453124999999996,0
174.90000000000552,0.9999994324141891,0.10468750000000007,0
174.95000000000553,0.9999980831128176,0.1084375000000001,0
175.00000000000554,0.9999987077338085,0.1681250000000002,0
175.05000000000555,0.24984011169531847,0.16468750000000018,0
175.10000000000556,0.2554820614318487,0.17218749999999988,0
175.15000000000558,0.21370485220427513,0.17218749999999988,0
175.2000000000056,0.1727718937500726,0.17218749999999988,0
175.2500000000056,0.15985031112942963,0.17218749999999988,1
175.3000000000056,0.17041815471296679,0.17218749999999988,1
175.35000000000562,0.13999322317386229,0.17218749999999988,1
175.40000000000563,0.1372833994058611,0.17218749999999988,1
175.45000000000564,0.1372833994058611,0.17218749999999988,1
175.50000000000566,0.13728339940586137,0.17218749999999988,1
175.55000000000567,0.1372833994058612,0.17218749999999988,1
175.60000000000568,0.13728339940586146,0.17218749999999988,0
175.6500000000057,0.13728339940586137,0.18046874999999984,0
175.7000000000057,0.1372833994058612,0.18046874999999984,0
175.7500000000057,0.164859251431066,0.7293750000000008,0
175.80000000000572,0.42505453189991393,0.7293750000000008,0
175.85000000000574,0.4357575393724386,0.7198437500000007,0
175.90000000000575,0.44100090928476754,0.7200000000000006,0
175.95000000000576,0.43655813031660917,0.7207812500000006,0
176.00000000000577,0.45174713785464804,0.1215625000000001,0
176.05000000000578,0.45304358745549206,0.14640625000000002,0
176.1000000000058,0.45101828661341137,0.1570312499999999,0
176.1500000000058,0.4639673243317662,0.15624999999999992,0
176.20000000000582,0.4565499775782862,0.1165625000000001,0
176.25000000000583,0.44416235900905165,0.1362500000000001,0
176.30000000000584,0.4300688145171387,0.09734375,0
176.35000000000585,0.40952042702353786,0.08671874999999993,0
176.40000000000586,0.3752487507277216,0.07671874999999996,0
176.45000000000587,0.3286508559429705,0.09578125000000001,0
176.50000000000588,0.2850757906006714,0.09625000000000002,0
176.5500000000059,0.25405410812586715,0.11562500000000009,0
176.6000000000059,0.21187641710695618,0.17249999999999985,0
176.65000000000592,0.19072189489727917,0.10718750000000003,0
176.70000000000593,0.21339596665077856,0.09640625000000001,0
176.75000000000594,0.1829339037964602,0.06875000000000005,0
176.80000000000595,0.17150576706934112,0.08640624999999993,0
176.85000000000596,0.14722632031818808,0.13437500000000008,0
176.90000000000597,0.11292602829395808,0.10750000000000007,0
176.95000000000599,0.11725666876706854,0.07687499999999996,0
177.000000000006,0.451369364843038,0.153125,0
177.050000000006,0.45672524757657057,0.16453125000000018,0
177.10000000000602,0.45152680830716563,0.14828125,0
177.15000000000603,0.45903685742002737,0.15499999999999986,0
177.20000000000604,0.4571545094084508,0.1640625000000002,0
177.25000000000605,0.44826540891369426,0.1548437499999999,0
177.30000000000607,0.4475103908432191,0.12499999999999989,0
177.35000000000608,0.43962851036751305,0.1023437500000001,0
177.4000000000061,0.44532643359209956,0.09703125000000001,0
177.4500000000061,0.4317349597144513,0.09343750000000002,0
177.5000000000061,0.3916722564018258,0.09500000000000001,0
177.55000000000612,0.3842564533298584,0.12421874999999986,0
177.60000000000613,0.38095238798979847,0.13468750000000007,0
177.65000000000614,0.37734226911133445,0.09406250000000002,0
177.70000000000616,0.3599236031164205,0.10406250000000009,0
177.75000000000617,0.3370958308543521,0.10734375000000004,0
177.80000000000618,0.3401733817959262,0.043593749999999994,0
177.8500000000062,0.32149177708733967,0.10281250000000008,0
177.9000000000062,0.3213579715000576,0.09671875,0
177.9500000000062,0.3103359813146081,0.11296875000000013,0
178.00000000000622,0.5241345718930879,0.13953125000000008,0
178.05000000000624,0.5170925103992058,0.11593750000000014,0
178.10000000000625,0.5056225547329448,0.11375000000000013,0
178.15000000000626,0.492173234734671,0.12234374999999986,0
178.20000000000627,0.46935177581579035,0.13343750000000004,0
178.25000000000628,0.47081276207654665,0.1548437499999999,0
178.3000000000063,0.4687943373809024,0.13218750000000004,0
178.3500000000063,0.46385430672538464,0.063125,0
178.40000000000632,0.43442150076824876,0.13203125000000002,0
178.45000000000633,0.4333245647084336,0.09375,0
178.50000000000634,0.41676071222286487,0.0940625,0
178.55000000000635,0.38932985958750577,0.08343749999999991,0
178.60000000000636,0.3830305082942151,0.053125000000000054,0
178.65000000000637,0.36962989632219573,0.13421875000000005,0
178.70000000000638,0.3773241417487175,0.09359375,0
178.7500000000064,0.35786129561159313,0.07312499999999997,0
178.8000000000064,0.3207145937330222,0.10437500000000006,0
178.85000000000642,0.3102518436935316,0.11343750000000012,0
178.90000000000643,0.28908121296305234,0.09343749999999999,0
178.95000000000644,0.2918025813093096,0.1160937500000001,0
179.00000000000645,0.47696880540239217,0.13687500000000005,0
179.05000000000646,0.48731848052425547,0.16187500000000016,0
179.10000000000647,0.48666161600435554,0.09375,0
179.1500000000065,0.4748881531851481,0.1232812499999999,0
179.2000000000065,0.4669477709093957,0.10546875000000008,0
179.2500000000065,0.4535622592084702,0.16984374999999985,0
179.30000000000652,0.4551109450562968,0.11531250000000015,0
179.35000000000653,0.4527253707132871,0.10328125000000007,0
179.40000000000654,0.4487785928671684,0.1034375000000001,0
179.45000000000655,0.43518305898672716,0.07515624999999998,0
179.50000000000657,0.42391553375365976,0.14234375000000005,0
179.55000000000658,0.4249487817705414,0.14453125000000003,0
179.6000000000066,0.4198074596996061,0.09453125000000001,0
179.6500000000066,0.4151019067150909,0.1021875000000001,0
179.7000000000066,0.40063242531758886,0.1348437500000001,0
179.75000000000662,0.3884868272106646,0.1260937499999999,0
179.80000000000663,0.3835707969764639,0.09546874999999999,0
179.85000000000664,0.3675732939333051,0.11265625000000012,0
179.90000000000666,0.36336229264475983,0.10500000000000007,0
179.95000000000667,0.3616102812461676,0.11343750000000012,0
180.00000000000668,0.7928124550103891,0.2918750000000002,0
180.0500000000067,0.7941644419225347,0.25812500000000005,0
180.1000000000067,0.7915772577221339,0.24843750000000026,0
180.1500000000067,0.7856909117284391,0.23562500000000003,0
180.20000000000672,0.7809638324688726,0.25640625000000006,0
180.25000000000674,0.7736738614308466,0.20093750000000007,0
180.30000000000675,0.7655246056440304,0.13578124999999988,0
180.35000000000676,0.7622911227703523,0.09499999999999989,0
180.40000000000677,0.7575018236198371,0.11515625,0
180.45000000000678,0.7536657149522155,0.1251562500000001,0
180.5000000000068,0.7513426674337034,0.21249999999999977,0
180.5500000000068,0.7396768805709094,0.1428125000000001,0
180.60000000000682,0.732705852830395,0.13406249999999983,0
180.65000000000683,0.7237515489413302,0.13374999999999987,0
180.70000000000684,0.7188014041943565,0.13249999999999987,0
180.75000000000685,0.7109269968364155,0.10406249999999999,0
180.80000000000686,0.7053228290260091,0.1446875000000001,0
180.85000000000687,0.6961515938637942,0.10703125,0
180.90000000000688,0.6897731668982714,0.10406249999999999,0
180.9500000000069,0.6779884264469102,0.12281250000000013,0
181.0000000000069,0.7910159294175197,0.14218749999999986,0
181.05000000000692,0.7892926423949242,0.16437499999999983,0
181.10000000000693,0.7863383237445185,0.1632812499999998,0
181.15000000000694,0.7828072062698029,0.17781250000000015,0
181.20000000000695,0.7783964075711644,0.14296875000000014,0
181.25000000000696,0.7673327910956774,0.13296874999999983,0
181.30000000000697,0.7597036825992657,0.14234375000000016,0
181.350000000007,0.7518580513242535,0.10218750000000001,0
181.400000000007,0.7469963219844805,0.12281250000000013,0
181.450000000007,0.7406242132135703,0.13343749999999982,0
181.50000000000702,0.7336348428134436,0.10171875000000004,0
181.55000000000703,0.7218587727674782,0.13124999999999984,0
181.60000000000704,0.7157128746462132,0.11328125,0
181.65000000000705,0.7012964976348994,0.09406249999999991,0
181.70000000000707,0.6891019059857615,0.15187499999999998,0
181.75000000000708,0.6806074626980275,0.09343749999999992,0
181.8000000000071,0.6708958229232355,0.11265625000000001,0
181.8500000000071,0.6615752881214059,0.11437499999999998,0
181.9000000000071,0.6492971428538048,0.14250000000000015,0
181.95000000000712,0.6414741009937237,0.12265625000000013,0
182.00000000000713,0.7453071024359977,0.20390625000000018,0
182.05000000000715,0.7432004562030446,0.2084375,0
182.10000000000716,0.7344193791379536,0.1692187499999999,0
182.15000000000717,0.7235098865564424,0.16078125000000001,0
182.20000000000718,0.7131252599046021,0.16984374999999988,0
182.2500000000072,0.702752129980946,0.15062500000000012,0
182.3000000000072,0.6929473424623273,0.11140625000000001,0
182.3500000000072,0.6840701072288964,0.13046875000000013,0
182.40000000000722,0.6717577577150466,0.13046875000000016,0
182.45000000000724,0.6619332256555163,0.12156249999999999,0
182.50000000000725,0.6492646066625087,0.08406250000000007,0
182.55000000000726,0.6347109576776208,0.14078124999999986,0
182.60000000000727,0.6255109766240129,0.10343749999999993,0
182.65000000000728,0.6144178183898299,0.0943749999999999,0
182.7000000000073,0.6035226305567719,0.11281250000000001,0
182.7500000000073,0.5931024894922216,0.09249999999999993,0
182.80000000000732,0.5777094777288705,0.13093750000000015,0
182.85000000000733,0.5598923702889309,0.16109375,0
182.90000000000734,0.5421180588790744,0.09515624999999991,0
182.95000000000735,0.5242820614591396,0.10249999999999995,0
183.00000000000736,0.6451862699184759,0.2440624999999999,0
183.05000000000737,0.6381600305262963,0.19093749999999984,0
183.10000000000738,0.6276902236772137,0.23218749999999977,0
183.1500000000074,0.6153085048869668,0.18218750000000003,0
183.2000000000074,0.6055329571923797,0.19781250000000022,0
183.25000000000742,0.5848376252372717,0.18328125000000006,0
183.30000000000743,0.5764081186786709,0.11406250000000011,0
183.35000000000744,0.5629435775615685,0.16968750000000019,0
183.40000000000745,0.5618753399535795,0.17031250000000017,0
183.45000000000746,0.5524861892426417,0.16218749999999987,0
183.50000000000747,0.5325027767604461,0.13718750000000002,0
183.5500000000075,0.5089123848082219,0.16281249999999986,0
183.6000000000075,0.4978003666343086,0.1309375,0
183.6500000000075,0.47000928122100183,0.1614062499999999,0
183.70000000000752,0.43874040440742,0.12109374999999986,0
183.75000000000753,0.4363467406594202,0.1518750000000002,0
183.80000000000754,0.43831888590078105,0.13765625,0
183.85000000000755,0.4096080113371966,0.15171875000000018,0
183.90000000000757,0.3934268959340433,0.13125000000000003,0
183.95000000000758,0.3670949364968009,0.14718749999999992,0
184.0000000000076,0.5370349334583793,0.18781249999999997,0
184.0500000000076,0.5254677997554216,0.17656250000000015,0
184.1000000000076,0.5309698065428774,0.19343749999999976,0
184.15000000000762,0.5235292450250791,0.21328125000000023,0
184.20000000000763,0.5072190851399278,0.19187499999999974,0
184.25000000000765,0.4909067649283151,0.14281249999999995,0
184.30000000000766,0.4826304578635079,0.11796875000000014,0
184.35000000000767,0.4801072386784455,0.15890625000000008,0
184.40000000000768,0.4730010155205961,0.1665624999999998,0
184.4500000000077,0.42863481230006534,0.1589062500000001,0
184.5000000000077,0.40383890237365144,0.15078124999999984,0
184.5500000000077,0.3878354487537204,0.14171874999999995,0
184.60000000000773,0.3681036942014726,0.14343749999999997,0
184.65000000000774,0.36769083213610765,0.1576562500000001,0
184.70000000000775,0.35296059275559244,0.13624999999999998,0
184.75000000000776,0.37280924462096804,0.15328124999999984,0
184.80000000000777,0.3783856337801533,0.1592187500000001,0
184.85000000000778,0.383476180774442,0.19906250000000017,0
184.9000000000078,0.3594190015016693,0.16874999999999982,0
184.9500000000078,0.3292278541409564,0.15046874999999987,0
185.00000000000782,0.7623008619356558,0.24125000000000033,0
185.05000000000783,0.7639020652782276,0.23781249999999976,0
185.10000000000784,0.7582113606555403,0.2393749999999998,0
185.15000000000785,0.7510594972054329,0.22843750000000002,0
185.20000000000786,0.744489721017612,0.22609375000000004,0
185.25000000000787,0.7338993911788635,0.21671875000000024,0
185.30000000000788,0.7217839894279878,0.15312500000000018,0
185.3500000000079,0.7112275141911926,0.14656249999999993,0
185.4000000000079,0.6984950367521688,0.16437499999999988,0
185.45000000000792,0.6826724223701351,0.12968750000000004,0
185.50000000000793,0.6652952739667569,0.15578125000000015,0
185.55000000000794,0.6499404138698174,0.12312499999999985,0
185.60000000000795,0.6366498148181017,0.15640625000000016,0
185.65000000000796,0.6155602223859189,0.12984375000000004,0
185.70000000000798,0.5844693722500954,0.14687499999999992,0
185.750000000008,0.5716767982372171,0.14718749999999997,0
185.800000000008,0.5483828200785305,0.13843750000000002,0
185.850000000008,0.51520314035931,0.1375,0
185.90000000000802,0.4849920960109742,0.15296875000000018,0
185.95000000000803,0.44492447913820765,0.15500000000000017,0
186.00000000000804,0.6367254412781688,0.18828125000000018,0
186.05000000000805,0.6288281443667036,0.15593750000000012,0
186.10000000000807,0.6074817533505354,0.19124999999999978,0
186.15000000000808,0.5936080133698317,0.20031250000000017,0
186.2000000000081,0.5697992728647752,0.21718750000000017,0
186.2500000000081,0.5473627427435344,0.16453124999999982,0
186.3000000000081,0.5064246848435844,0.12687500000000002,0
186.35000000000812,0.46045593062175544,0.14406249999999993,0
186.40000000000813,0.39753384663535024,0.1599999999999998,0
186.45000000000815,0.34420974897656564,0.1624999999999998,0
186.50000000000816,0.30339065553384253,0.13453124999999996,0
186.55000000000817,0.25208726925554276,0.1610937499999998,0
186.60000000000818,0.23352562759648957,0.1275,0
186.6500000000082,0.22708153626156324,0.15968749999999982,0
186.7000000000082,0.19053924068691344,0.1624999999999998,0
186.7500000000082,0.1816004292834203,0.1271875,0
186.80000000000823,0.16808206021243127,0.1454687499999999,0
186.85000000000824,0.14490893402814856,0.14359374999999996,0
186.90000000000825,0.15163485719958214,0.17250000000000015,0
186.95000000000826,0.15306627826273603,0.1521875000000001,0
187.00000000000827,0.5651171691765001,0.22906250000000003,0
187.05000000000828,0.5455021270842298,0.2118750000000003,0
187.1000000000083,0.5186246453402737,0.20140624999999984,0
187.1500000000083,0.5038960768588676,0.2112500000000003,0
187.20000000000832,0.4882788311864722,0.24781250000000013,0
187.25000000000833,0.4652727869988806,0.19218750000000023,0
187.30000000000834,0.4490993571273288,0.10624999999999984,0
187.35000000000835,0.41734166052894567,0.17000000000000004,0
187.40000000000836,0.3866033835184946,0.11765625000000006,0
187.45000000000837,0.35986642892012316,0.12390625,0
187.50000000000838,0.32710650803133384,0.12437500000000001,0
187.5500000000084,0.29190873930632466,0.12375,0
187.6000000000084,0.24776987262504527,0.10562499999999983,0
187.65000000000842,0.19929432919935372,0.15609375000000014,0
187.70000000000843,0.15765038689248523,0.1875000000000002,0
187.75000000000844,0.12308649060462706,0.10796874999999986,0
187.80000000000845,0.08671381236210088,0.1332812499999999,0
187.85000000000846,0.09891136910435087,0.15249999999999989,0
187.90000000000848,0.14534428401887928,0.17046875,0
187.9500000000085,0.1872338049959884,0.10765624999999986,0
188.0000000000085,0.55600072857034,0.2621875000000003,0
188.0500000000085,0.5417493081843016,0.22984374999999999,0
188.10000000000852,0.5111426693726915,0.21015625,0
188.15000000000853,0.46816887884113134,0.21734374999999972,0
188.20000000000854,0.4357637804561416,0.20796874999999998,0
188.25000000000855,0.4235465234605601,0.19906250000000017,0
188.30000000000857,0.4018445394838237,0.13578124999999988,0
188.35000000000858,0.7484272689065526,0.13203124999999988,0
188.4000000000086,0.7486950790080426,0.09578124999999992,0
188.4500000000086,0.7480286849055958,0.13671874999999986,0
188.5000000000086,0.7423351163504686,0.15453125,0
188.55000000000862,0.7339801427499215,0.1768750000000002,0
188.60000000000863,0.718791773248332,0.14562500000000014,0
188.65000000000865,0.7125256430351408,0.11499999999999996,0
188.70000000000866,0.7014862533209361,0.11749999999999991,0
188.75000000000867,0.696972794538771,0.12593750000000015,0
188.80000000000868,0.7144327992203772,0.12593750000000015,0
188.8500000000087,0.7114649516403778,0.10718750000000002,0
188.9000000000087,0.7047346850692775,0.08515624999999992,0
188.9500000000087,0.6713717766121756,0.12640625000000014,0
189.00000000000873,0.7468809622767859,0.10984374999999999,0
189.05000000000874,0.6837962552230352,0.1417187500000001,0
189.10000000000875,0.6762169557691459,0.12093750000000011,0
189.15000000000876,0.6625100922616227,0.07140625000000009,0
189.20000000000877,0.6558276254912462,0.10156249999999997,0
189.25000000000878,0.6321479313838783,0.15312499999999998,0
189.3000000000088,0.6209329143133915,0.10265624999999998,0
189.3500000000088,0.6115359878944148,0.12546875000000013,0
189.40000000000882,0.6033211735911748,0.12953124999999985,0
189.45000000000883,0.5890193563331202,0.11171875,0
189.50000000000884,0.5751334376486263,0.12359375000000013,0
189.55000000000885,0.5535878656434055,0.11187500000000002,0
189.60000000000886,0.5688754494711344,0.11015625000000002,0
189.65000000000887,0.5044077679669772,0.12093750000000011,0
189.70000000000888,0.46342368728810374,0.12359375000000013,0
189.7500000000089,0.4235790059736841,0.10968750000000002,0
189.8000000000089,0.4130535760638623,0.12156250000000016,0
189.85000000000892,0.40449869730342125,0.0890624999999999,0
189.90000000000893,0.3776075230719844,0.06953125000000007,0
189.95000000000894,0.34716302031468516,0.12203125000000012,0
190.00000000000895,0.7096242155668391,0.17875000000000021,0
190.05000000000896,0.7192222526185625,0.1359375000000001,0
190.10000000000898,0.7174712327195036,0.18734375000000023,0
190.150000000009,0.7162709904647722,0.15859374999999987,0
190.200000000009,0.7132970058482488,0.1868750000000002,0
190.250000000009,0.7028451460943538,0.20843749999999978,0
190.30000000000902,0.7190045851947643,0.12343749999999987,0
190.35000000000903,0.6999019353195582,0.1012500000000001,0
190.40000000000904,0.6828694825333713,0.12171874999999988,0
190.45000000000906,0.6783782882948147,0.08328124999999992,0
190.50000000000907,0.6750354059568523,0.05000000000000003,0
190.55000000000908,0.9999997680111888,0.07812499999999992,0
190.6000000000091,0.9999997674280783,0.11046875000000016,0
190.6500000000091,0.9999997231832526,0.12265624999999984,0
190.7000000000091,0.6165647012590737,0.11953124999999987,0
190.75000000000912,0.590757833731292,0.10906250000000015,0
190.80000000000913,0.5875588421730412,0.12437499999999987,0
190.85000000000915,0.606781311914926,0.10125000000000009,0
190.90000000000916,0.5850499061545972,0.09125000000000001,0
190.95000000000917,0.9999995342867435,0.1023437500000001,0
191.00000000000918,0.7732609997876171,0.18015624999999985,0
191.0500000000092,0.7784722059095431,0.21828125000000007,0
191.1000000000092,0.9999998456550369,0.19093750000000015,0
191.15000000000921,0.7660501824340795,0.17890624999999982,0
191.20000000000923,0.7638932274581888,0.1978125,0
191.25000000000924,0.7614751552411044,0.21843750000000006,0
191.30000000000925,0.7491496423684588,0.07828124999999994,0
191.35000000000926,0.7374782238605011,0.09765625,0
191.40000000000927,0.7264383943321029,0.07968749999999994,0
191.45000000000928,0.7143888691260557,0.10187500000000002,0
191.5000000000093,0.7108192694501485,0.10656250000000003,0
191.5500000000093,0.7049018563150039,0.12749999999999986,0
191.60000000000932,0.6948487820784791,0.11781250000000014,0
191.65000000000933,0.9999997913729981,0.10765625000000008,0
191.70000000000934,0.6734908646705775,0.11640625000000013,0
191.75000000000935,0.9999998185548502,0.08859374999999993,0
191.80000000000936,0.9999998076647058,0.10656250000000005,0
191.85000000000937,0.6484244233079639,0.07781249999999992,0
191.90000000000938,0.6361114071601996,0.10781250000000005,0
191.9500000000094,0.6221414597441286,0.07671874999999992,0
192.0000000000094,0.9999999223853956,0.2200000000000001,0
192.05000000000942,0.8561957984804982,0.17890624999999988,0
192.10000000000943,0.8533845636550764,0.1684375000000002,0
192.15000000000944,0.8467104599739774,0.1382812500000001,0
192.20000000000945,0.8446188725863466,0.19750000000000004,0
192.25000000000946,0.8435997069933121,0.1668750000000002,0
192.30000000000948,0.8410774813893049,0.11671875000000013,0
192.3500000000095,0.9999999145043099,0.0879687499999999,0
192.4000000000095,0.8252860098441153,0.13375000000000012,0
192.4500000000095,0.9999998986339719,0.10828125000000002,0
192.50000000000952,0.9999998924875532,0.12828124999999987,0
192.55000000000953,0.8103266788245992,0.1560937499999999,0
192.60000000000954,0.8072956244183461,0.06890625000000004,0
192.65000000000956,0.7973340647810361,0.11421875000000015,0
192.70000000000957,0.999999884042169,0.1648437500000002,0
192.75000000000958,0.9999998589743203,0.0892187499999999,0
192.8000000000096,0.7711775469165253,0.11656250000000015,0
192.8500000000096,0.7566140754674413,0.0975,0
192.9000000000096,0.7508887816255655,0.11734375000000015,0
192.95000000000962,0.7489224899466741,0.11718750000000014,0
193.00000000000963,0.867849596854891,0.1696874999999998,0
193.05000000000965,0.8645211264142372,0.15968749999999984,0
193.10000000000966,0.9999999999998704,0.16140624999999983,0
193.15000000000967,0.8539095422920799,0.15312499999999996,0
193.20000000000968,0.8479633675276109,0.1598437499999998,0
193.2500000000097,0.844171473213344,0.17781249999999976,0
193.3000000000097,0.8406490322598729,0.14031250000000006,0
193.35000000000971,0.9999999170660302,0.13218749999999985,0
193.40000000000973,0.8310225277395579,0.14875,0
193.45000000000974,0.8292490597358868,0.10625,0
193.50000000000975,0.9999999999998351,0.12140625000000012,0
193.55000000000976,0.9999999999998261,0.14031250000000006,0
193.60000000000977,0.8153798328439724,0.10984374999999998,0
193.65000000000978,0.80131474375048,0.11109374999999996,0
193.7000000000098,0.8083810205202979,0.15937499999999982,0
193.7500000000098,0.9999999999997925,0.11249999999999996,0
193.80000000000982,0.7701911780063603,0.11109374999999996,0
193.85000000000983,0.7598200423830108,0.10093749999999999,0
193.90000000000984,0.7436328296913794,0.07218750000000004,0
193.95000000000985,0.7343412530558536,0.08140624999999994,0
194.00000000000986,0.7234462596481261,0.16984374999999985,0
194.05000000000987,0.7164121150348189,0.15953124999999996,0
194.10000000000989,0.999999838659195,0.15250000000000014,0
194.1500000000099,0.6732487887175076,0.16125,0
194.2000000000099,0.9999999999998291,0.1515625000000001,0
194.25000000000992,0.9999999999998116,0.16953124999999986,0
194.30000000000993,0.6256285086340857,0.11671875000000001,0
194.35000000000994,0.6129246086977159,0.0976562499999999,0
194.40000000000995,0.6100491089015633,0.11578125000000002,0
194.45000000000996,0.591626297003891,0.12312499999999993,0
194.50000000000998,0.5790910418567908,0.155625,0
194.55000000001,0.9999999999998579,0.11859375000000003,0
194.60000000001,0.9999999999998438,0.09953124999999992,0
194.65000000001,0.6438988759405887,0.13109375000000015,0
194.70000000001002,0.5517964554337266,0.12453124999999994,0
194.75000000001003,0.555423557666155,0.14156249999999987,0
194.80000000001004,0.4733603267743784,0.13296875000000014,0
194.85000000001006,0.9999999999999488,0.15015625000000016,0
194.90000000001007,0.4179644505579885,0.12640624999999991,0
194.95000000001008,0.3914656022205087,0.08171875000000008,0
195.0000000000101,0.8674507184392908,0.16828125,0
195.0500000000101,0.866995131796682,0.19203125000000018,0
195.1000000000101,0.8636615450917173,0.16812499999999986,0
195.15000000001012,0.8594274049220619,0.16749999999999984,0
195.20000000001014,0.8546718559609846,0.14921875000000015,0
195.25000000001015,0.8536511489860559,0.13078125000000018,0
195.30000000001016,0.8463387087116198,0.12171874999999995,0
195.35000000001017,0.8407349621372395,0.11906249999999996,0
195.40000000001018,0.8350387748800934,0.12062499999999994,0
195.4500000000102,0.999999999999934,0.07593750000000012,0
195.5000000000102,0.8284885427100236,0.11296875000000003,0
195.55000000001021,0.826639079829147,0.09546874999999991,0
195.60000000001023,0.8204590466658581,0.11937499999999998,0
195.65000000001024,0.8153280749117225,0.11312500000000003,0
195.70000000001025,0.8088781409064837,0.11281250000000002,0
195.75000000001026,0.8003588769567938,0.08531250000000011,0
195.80000000001027,0.7923979185347131,0.12062499999999995,0
195.85000000001028,0.7875856770422873,0.0850000000000001,0
195.9000000000103,0.7748389879675689,0.13046875000000016,0
195.9500000000103,0.9999999999997984,0.11156250000000004,0
196.00000000001032,0.9999999999999484,0.20718750000000022,0
196.05000000001033,0.9372849947996891,0.15718749999999998,0
196.10000000001034,0.9334297547191254,0.12859375000000012,0
196.15000000001035,0.930410057310402,0.205,0
196.20000000001036,0.9283096824006124,0.15421875000000002,0
196.25000000001037,0.9254780862167004,0.15718750000000004,0
196.30000000001039,0.9999999634986321,0.11671874999999994,0
196.3500000000104,0.9999999620352975,0.10531249999999999,0
196.4000000000104,0.918475324498338,0.0982812499999999,0
196.45000000001042,0.9101475908371441,0.11249999999999996,0
196.50000000001043,0.9056238678696026,0.1246875000000001,0
196.55000000001044,0.9999999999999127,0.12500000000000014,0
196.60000000001045,0.8963533479191869,0.10984374999999998,0
196.65000000001046,0.8913024402965324,0.10437499999999997,0
196.70000000001048,0.8861252999640834,0.14296875000000014,0
196.7500000000105,0.8770846920506122,0.14625000000000013,0
196.8000000000105,0.8685835386151758,0.1207812500000001,0
196.8500000000105,0.8545882295151652,0.14843750000000003,0
196.90000000001052,0.9999999198400987,0.07984375000000005,0
196.95000000001053,0.8347326783748164,0.11390624999999996,0
197.00000000001054,0.8929319867017642,0.18609375000000017,0
197.05000000001056,0.8884266092915442,0.19031249999999983,0
197.10000000001057,0.8814118009838926,0.17062499999999986,0
197.15000000001058,0.8714515337252158,0.18015625000000018,0
197.2000000000106,0.8621098705699873,0.15984375,0
197.2500000000106,0.999999919451416,0.17078124999999983,0
197.3000000000106,0.8416121702946688,0.07625000000000008,0
197.35000000001062,0.8279959707968478,0.13874999999999987,0
197.40000000001064,0.814727954515923,0.13218750000000015,0
197.45000000001065,0.7951220410292763,0.10421874999999992,0
197.50000000001066,0.77286624666177,0.07500000000000008,0
197.55000000001067,0.7408928999395545,0.1300000000000001,0
197.60000000001068,0.722571912092073,0.13000000000000014,0
197.6500000000107,0.71353268314154,0.11390624999999999,0
197.7000000000107,0.7010959077404476,0.1125,0
197.75000000001071,0.6880582525192264,0.10328124999999992,0
197.80000000001073,0.6855421887541747,0.1235937499999999,0
197.85000000001074,0.6463231356131705,0.08562500000000008,0
197.90000000001075,0.6176637946432271,0.12343749999999991,0
197.95000000001076,0.999999528169499,0.11437499999999998,0
198.00000000001077,0.9999999171377338,0.18453125000000015,0
198.05000000001078,0.8406138194628017,0.13109375000000018,0
198.1000000000108,0.839193265396165,0.13156250000000017,0
198.1500000000108,0.8296385987480339,0.17812500000000017,0
198.20000000001082,0.8197083646054798,0.1476562500000001,0
198.25000000001083,0.8071280031405426,0.17890625000000018,0
198.30000000001084,0.8003345526495285,0.10968749999999998,0
198.35000000001085,0.7921115703466814,0.12781250000000016,0
198.40000000001086,0.9999998634751103,0.12875000000000017,0
198.45000000001087,0.9999998522869636,0.11718749999999992,0
198.50000000001089,0.7480706283723472,0.109375,0
198.5500000000109,0.735116886091561,0.09046874999999988,0
198.6000000000109,0.7065259628797851,0.08874999999999988,0
198.65000000001092,0.683088431099935,0.11156250000000001,0
198.70000000001093,0.6848451203382296,0.11937499999999987,0
198.75000000001094,0.9999996210399446,0.09062499999999989,0
198.80000000001095,0.9999995573120036,0.16796874999999983,0
198.85000000001097,0.6139263162245578,0.12781250000000013,0
198.90000000001098,0.5534660796463289,0.1678124999999998,0
198.950000000011,0.48198363205556255,0.12046874999999986,0
199.000000000011,0.8125076391768047,0.2040625000000002,0
199.050000000011,0.8098374104163615,0.15453124999999998,0
199.10000000001102,0.9999998113485972,0.20531249999999995,0
199.15000000001103,0.9999997889590023,0.14765625000000016,0
199.20000000001104,0.76463852251405,0.1629687499999998,0
199.25000000001106,0.730164656759413,0.1631249999999998,0
199.30000000001107,0.6779788575639036,0.13093749999999985,0
199.35000000001108,0.6492418362218145,0.06265625000000011,0
199.4000000000111,0.9999996915866772,0.17140625000000018,0
199.4500000000111,0.5631052340746333,0.12156250000000017,0
199.5000000000111,0.5192041788099925,0.0920312499999999,0
199.55000000001112,0.4612301998046016,0.14187500000000017,0
199.60000000001114,0.34749549177247124,0.13234374999999982,0
199.65000000001115,0.25347454593203966,0.11203125,0
199.70000000001116,0.9999999999988424,0.10953125000000004,0
199.75000000001117,0.26053427847749955,0.13171874999999983,0
199.80000000001118,0.9999999999920357,0.1432812500000001,0
199.8500000000112,0.9999999999957759,0.13812500000000016,0
199.9000000000112,0.1791899724080294,0.13281249999999983,0
199.95000000001122,0.16035536185674346,0.13484374999999985,0
200.00000000001123,0.9999992400695555,0.18218750000000022,0
200.05000000001124,0.9999984241726884,0.17656250000000023,0
200.10000000001125,0.4628003685355986,0.20671874999999998,0
200.15000000001126,0.9999999999993251,0.1364062499999998,0
200.20000000001127,0.9999999999993728,0.1654687499999998,0
200.25000000001128,0.4462806605715134,0.14625000000000016,0
200.3000000000113,0.39100222435590676,0.0943749999999999,0
200.3500000000113,0.38723797364192547,0.13609374999999982,0
200.40000000001132,0.2494680337776818,0.115625,0
200.45000000001133,0.21698207558792745,0.13343749999999982,0
200.50000000001134,0.9999999999994771,0.1245312500000002,0
200.55000000001135,0.9999999999994732,0.1153125,0
200.60000000001136,0.9999999999994822,0.09515624999999991,0
200.65000000001137,0.21186524464611314,0.1053125,0
200.70000000001139,0.15799822305616865,0.13765624999999984,0
200.7500000000114,0.9999988894528429,0.11234375,0
200.8000000000114,0.15217499307741553,0.0953124999999999,0
200.85000000001142,0.1957085094132058,0.1243750000000002,0
200.90000000001143,0.41486426777679475,0.11453125,0
200.95000000001144,0.40619578218350777,0.13437499999999983,0
201.00000000001145,0.4131396364852924,0.1692187499999998,0
201.05000000001147,0.4000994209945065,0.11953124999999995,0
201.10000000001148,0.388023531120589,0.15515625,0
201.1500000000115,0.3702134949384058,0.17468750000000016,0
201.2000000000115,0.3504573501805504,0.1565625,0
201.2500000000115,0.3246195307549413,0.11687499999999998,0
201.30000000001152,0.300756439897925,0.08531250000000015,0
201.35000000001153,0.26512854367328487,0.10750000000000001,0
201.40000000001154,0.2255754257488999,0.10703125,0
201.45000000001156,0.22505964765602438,0.10734375,0
201.50000000001157,0.21267439250769393,0.09796874999999991,0
201.55000000001158,0.1778310213760769,0.1546875,0
201.6000000000116,0.16289403378629874,0.09968749999999992,0
201.6500000000116,0.16961077685530154,0.11765624999999998,0
201.7000000000116,0.16072600354291922,0.11640624999999998,0
201.75000000001162,0.1548502449961158,0.1264062500000002,0
201.80000000001164,0.14760490711989238,0.10203124999999993,0
201.85000000001165,0.15038558031755908,0.13499999999999981,0
201.90000000001166,0.15412079093621206,0.10953125,0
201.95000000001167,0.14257143910608297,0.07890625000000014,0
202.00000000001168,0.40527510690976876,0.22515624999999972,0
202.0500000000117,0.4042966360177612,0.1831249999999998,0
202.1000000000117,0.3927636665310556,0.17437500000000017,0
202.15000000001172,0.38568290510104986,0.1826562499999998,0
202.20000000001173,0.3528310360545522,0.1612499999999998,0
202.25000000001174,0.35175788266919533,0.17234375000000018,0
202.30000000001175,0.35559762513677473,0.1329687499999998,0
202.35000000001176,0.35163619611861885,0.12140625000000019,0
202.40000000001177,0.3166831370030528,0.08171874999999992,0
202.45000000001178,0.30574027761858263,0.12250000000000019,0
202.5000000000118,0.2873732385419329,0.11156249999999998,0
202.5500000000118,0.2667077566629907,0.10187500000000002,0
202.60000000001182,0.26538409729604184,0.08374999999999991,0
202.65000000001183,0.2631908878271797,0.15062499999999998,0
202.70000000001184,0.2596209305399787,0.0818749999999999,0
202.75000000001185,0.24279584205594978,0.10015624999999999,0
202.80000000001186,0.24156265019372938,0.10109375000000001,0
202.85000000001187,0.2121068538236004,0.10234375,0
202.9000000000119,0.21775511874316916,0.10093749999999999,0
202.9500000000119,0.20227050422692633,0.13875000000000012,0
203.0000000000119,0.4633748226236361,0.2545312500000003,0
203.05000000001192,0.4698258664770444,0.16859375000000001,0
203.10000000001193,0.45517859097930624,0.24875000000000033,0
203.15000000001194,0.46728944057574057,0.17734374999999977,0
203.20000000001195,0.4530514564157382,0.21593750000000006,0
203.25000000001197,0.45780318683574706,0.19328124999999982,0
203.30000000001198,0.459146010727221,0.15546875000000016,0
203.350000000012,0.43530399435648603,0.10015624999999984,0
203.400000000012,0.424728466141913,0.10874999999999997,0
203.450000000012,0.41262725432264685,0.15343750000000014,0
203.50000000001202,0.4060051509739636,0.10218749999999983,0
203.55000000001203,0.3930666455837587,0.11781249999999999,0
203.60000000001205,0.3768303246322036,0.11062500000000001,0
203.65000000001206,0.3582372864241321,0.10984374999999999,0
203.70000000001207,0.349792015077885,0.15156250000000013,0
203.75000000001208,0.34447069693174676,0.14812499999999984,0
203.8000000000121,0.35710122232421615,0.09250000000000011,0
203.8500000000121,0.3353060654264436,0.14671874999999984,0
203.9000000000121,0.3440127153817913,0.16265625,0
203.95000000001212,0.32385664234488243,0.10312499999999983,0
204.00000000001214,0.6332402957105544,0.22046875000000027,0
204.05000000001215,0.6353116231209881,0.21218750000000025,0
204.10000000001216,0.631817771500606,0.2010937499999998,0
204.15000000001217,0.6286704288807958,0.1921875000000002,0
204.20000000001218,0.6144875454761787,0.1987499999999998,0
204.2500000000122,0.6146529428339965,0.15359374999999983,0
204.3000000000122,0.5976451974509032,0.13703124999999988,0
204.35000000001222,0.5862846113582713,0.1303125,0
204.40000000001223,0.5811753886949892,0.1342187499999999,0
204.45000000001224,0.5765889071696148,0.14406250000000015,0
204.50000000001225,0.5713100938853656,0.12015625000000005,0
204.55000000001226,0.554815524618212,0.1332812499999999,0
204.60000000001227,0.537036575428623,0.15265624999999983,0
204.65000000001228,0.5484876021980203,0.12609375,0
204.7000000000123,0.5509486707330697,0.10609374999999988,0
204.7500000000123,0.5383683621158087,0.125,0
204.80000000001232,0.516984886222301,0.11953125000000006,0
204.85000000001233,0.4946706346718804,0.13437499999999988,0
204.90000000001234,0.486513265791941,0.10703124999999984,0
204.95000000001235,0.4431396026532086,0.15593749999999984,0
205.00000000001236,0.6855036581828476,0.2140624999999999,0
205.05000000001237,0.6827707318119204,0.2354687499999999,0
205.1000000000124,0.6771960580905162,0.19718750000000015,0
205.1500000000124,0.6703680706176217,0.1939062500000001,0
205.2000000000124,0.6626140710744269,0.18546874999999974,0
205.25000000001242,0.6527639233960915,0.22874999999999973,0
205.30000000001243,0.6416048499242596,0.15671874999999982,0
205.35000000001244,0.6297339078249915,0.12265625000000006,0
205.40000000001245,0.6218510738167471,0.14046874999999986,0
205.45000000001247,0.6110362772461724,0.1303125,0
205.50000000001248,0.5971335965352731,0.1420312499999999,0
205.5500000000125,0.5897466057552357,0.1546874999999998,0
205.6000000000125,0.5613471003548278,0.16718750000000013,0
205.6500000000125,0.5726365285054227,0.1393749999999999,0
205.70000000001252,0.5506577764919104,0.14046874999999986,0
205.75000000001253,0.5317210724175533,0.1404687499999999,0
205.80000000001255,0.524100018698696,0.16640625000000012,0
205.85000000001256,0.5147987557795234,0.14968750000000014,0
205.90000000001257,0.5120909342025408,0.1325,0
205.95000000001258,0.49949304362644187,0.14062499999999986,0
206.0000000000126,0.7364526452410355,0.1723437500000001,0
206.0500000000126,0.7328481929902463,0.17375,0
206.1000000000126,0.7288512792830858,0.19906249999999978,0
206.15000000001262,0.7232013875034292,0.17078125,0
206.20000000001264,0.7159919379518167,0.12578124999999996,0
206.25000000001265,0.7052776809467045,0.1985937499999998,0
206.30000000001266,0.7044536414155054,0.14296875000000014,0
206.35000000001267,0.7004472340715363,0.10609374999999985,0
206.40000000001268,0.6852735451353229,0.12343749999999998,0
206.4500000000127,0.6692065470776328,0.11640625,0
206.5000000000127,0.6612184940719372,0.13406249999999983,0
206.55000000001272,0.6516487207881299,0.12562499999999996,0
206.60000000001273,0.6507649453662289,0.13390624999999984,0
206.65000000001274,0.6427403123644522,0.10781249999999984,0
206.70000000001275,0.6243764800408432,0.15906250000000008,0
206.75000000001276,0.6198650806958153,0.10765624999999987,0
206.80000000001277,0.6148164167141171,0.13203124999999985,0
206.85000000001278,0.6040426613663529,0.11484374999999998,0
206.9000000000128,0.5865069541773382,0.12187499999999996,0
206.9500000000128,0.5633560695074297,0.1534374999999998,0
207.00000000001282,0.7525817827820476,0.18015625000000002,0
207.05000000001283,0.7484407175160039,0.18078124999999978,0
207.10000000001284,0.7432175478669062,0.18296874999999974,0
207.15000000001285,0.7384171516889289,0.22828124999999994,0
207.20000000001286,0.7324119401507821,0.18140624999999974,0
207.25000000001288,0.7265063537882983,0.17250000000000001,0
207.3000000000129,0.7244019276000718,0.14265625000000012,0
207.3500000000129,0.7207496158775484,0.13374999999999984,0
207.4000000000129,0.7127234708487425,0.12593749999999998,0
207.45000000001292,0.7041072128776067,0.12515625,0
207.50000000001293,0.6967469672759384,0.11484375000000005,0
207.55000000001294,0.6887176954363933,0.13593749999999988,0
207.60000000001295,0.6835103229399034,0.08968750000000007,0
207.65000000001297,0.6674820344169055,0.10000000000000009,0
207.70000000001298,0.6635380720013425,0.17624999999999974,0
207.750000000013,0.6531837226148389,0.15984375000000012,0
207.800000000013,0.6430673210934502,0.13374999999999987,0
207.850000000013,0.6332039012192268,0.13484374999999987,0
207.90000000001302,0.625881738588269,0.1514062499999998,0
207.95000000001303,0.6143074319595335,0.15062499999999981,0
208.00000000001305,0.8363271153395758,0.2485937499999999,0
208.05000000001306,0.8346897708706829,0.20437500000000025,0
208.10000000001307,0.8320549998470222,0.21312500000000006,0
208.15000000001308,0.8259314921080965,0.19531249999999978,0
208.2000000000131,0.8215699689207777,0.2353125000000001,0
208.2500000000131,0.8148586711137277,0.21343750000000003,0
208.3000000000131,0.8086809402487655,0.13453125000000016,0
208.35000000001313,0.8015356144862136,0.13375000000000015,0
208.40000000001314,0.7966965064564292,0.13265625000000017,0
208.45000000001315,0.7897284632443341,0.18218750000000022,0
208.50000000001316,0.7830999472508442,0.1417187499999998,0
208.55000000001317,0.7765581283983617,0.11484374999999998,0
208.60000000001318,0.7676248996833095,0.14281249999999981,0
208.6500000000132,0.7571455010166434,0.11359374999999998,0
208.7000000000132,0.7462039164404383,0.07984375000000012,0
208.75000000001322,0.7363993145041219,0.11359375000000001,0
208.80000000001323,0.729824825683202,0.09390624999999986,0
208.85000000001324,0.7163967948840527,0.09749999999999986,0
208.90000000001325,0.7020276109010865,0.10453124999999992,0
208.95000000001326,0.6845827257615557,0.12249999999999997,0
209.00000000001327,0.7859070667739358,0.17406250000000004,0
209.05000000001328,0.7799738224239394,0.2090625,0
209.1000000000133,0.7692003406191269,0.18828124999999982,0
209.1500000000133,0.7582871248176193,0.1768750000000002,0
209.20000000001332,0.7503067890973434,0.1784375000000002,0
209.25000000001333,0.7404867072560689,0.17812500000000017,0
209.30000000001334,0.7258000475337356,0.13515624999999987,0
209.35000000001335,0.7113572105044155,0.11875000000000002,0
209.40000000001336,0.6986030714232279,0.09843749999999987,0
209.45000000001338,0.688909896995954,0.10906249999999999,0
209.5000000000134,0.6724497458801932,0.1253125000000002,0
209.5500000000134,0.657328827895618,0.13656249999999986,0
209.6000000000134,0.6422357548180551,0.10890625000000001,0
209.65000000001342,0.6275947863011544,0.06203124999999998,0
209.70000000001343,0.6127044084523624,0.14640625000000013,0
209.75000000001344,0.5946127674388507,0.11593750000000007,0
209.80000000001345,0.5801438567173227,0.11078125000000001,0
209.85000000001347,0.5740312042104386,0.08968749999999989,0
209.90000000001348,0.550194395704419,0.1265625000000002,0
209.9500000000135,0.5251127587438563,0.11187500000000002,0
210.0000000000135,0.7384143747349942,0.1940625000000002,0
210.0500000000135,0.7303474221482892,0.17249999999999982,0
210.10000000001352,0.7229132565760512,0.2078125,0
210.15000000001353,0.7104588129585274,0.1815625000000002,0
210.20000000001355,0.6989366506137253,0.24468750000000025,0
210.25000000001356,0.6849660206647901,0.14249999999999985,0
210.30000000001357,0.6717323518918044,0.12484374999999999,0
210.35000000001358,0.6536757088220858,0.13156250000000017,0
210.4000000000136,0.6322883590353633,0.09390624999999994,0
210.4500000000136,0.6113963428126559,0.10312499999999994,0
210.5000000000136,0.5941882520036602,0.13171875000000016,0
210.55000000001363,0.5850611924933854,0.12281249999999999,0
210.60000000001364,0.561339721436348,0.08656250000000011,0
210.65000000001365,0.5457379628580189,0.10593749999999995,0
210.70000000001366,0.5250818072184396,0.1024999999999999,0
210.75000000001367,0.5017524580050898,0.0845312500000001,0
210.80000000001368,0.4932345784710363,0.12140625000000001,0
210.8500000000137,0.4832308634944518,0.14953125000000017,0
210.9000000000137,0.4691844352293319,0.12781250000000016,0
210.95000000001372,0.41488076751736,0.11343750000000001,0
211.00000000001373,0.525038569049898,0.14874999999999985,0
211.05000000001374,0.5094752645089424,0.16140625000000003,0
211.10000000001375,0.47975929532814393,0.14343749999999983,0
211.15000000001376,0.4658384137621824,0.15156250000000016,0
211.20000000001377,0.4530378828558225,0.12359374999999999,0
211.25000000001378,0.4255175939846809,0.125,0
211.3000000000138,0.39573930846831895,0.12328124999999998,0
211.3500000000138,0.3794146751512565,0.12374999999999999,0
211.40000000001382,0.3374380890315418,0.1770312500000002,0
211.45000000001383,0.2841125512828312,0.10531249999999992,0
211.50000000001384,0.25804870766350524,0.13234375000000015,0
211.55000000001385,0.22015750774617587,0.12624999999999997,0
211.60000000001386,0.2474336033934162,0.08515625000000009,0
211.65000000001388,0.24425738663919805,0.16718749999999985,0
211.7000000000139,0.21210681623819552,0.16234375000000004,0
211.7500000000139,0.20515672719107272,0.10468749999999993,0
211.8000000000139,0.20275296944152355,0.14093749999999985,0
211.85000000001392,0.18018834021351438,0.12265624999999998,0
211.90000000001393,0.14732220501509682,0.13406250000000014,0
211.95000000001394,0.1120089346772405,0.07515625000000009,0
212.00000000001396,0.6063836063216664,0.19062500000000016,0
212.05000000001397,0.6081367730610566,0.17046874999999978,0
212.10000000001398,0.5820743072209645,0.16203125000000002,0
212.150000000014,0.5573259296406823,0.20843749999999997,0
212.200000000014,0.5280431361805298,0.15125000000000016,0
212.250000000014,0.5132907034471513,0.17937500000000017,0
212.30000000001402,0.5055226503627125,0.1085937499999999,0
212.35000000001403,0.4953521168415937,0.155625,0
212.40000000001405,0.48513119064995375,0.12921875000000016,0
212.45000000001406,0.4467882646571536,0.10906249999999999,0
212.50000000001407,0.41323218613613216,0.11265624999999999,0
212.55000000001408,0.376216267691265,0.14796875000000015,0
212.6000000000141,0.35059989330239344,0.12109374999999997,0
212.6500000000141,0.32617116026701226,0.11156250000000001,0
212.70000000001411,0.30201240045129324,0.13937499999999983,0
212.75000000001413,0.25234145893379695,0.13000000000000017,0
212.80000000001414,0.20613334932621893,0.10218749999999992,0
212.85000000001415,0.15481250113603476,0.13140625000000017,0
212.90000000001416,0.15240542084067205,0.11984374999999996,0
212.95000000001417,0.15298895559442455,0.12859375000000017,0
213.00000000001418,0.35523180135295657,0.14171874999999987,0
213.0500000000142,0.3498742630533842,0.15171875,0
213.1000000000142,0.34689779508725443,0.13515624999999987,0
213.15000000001422,0.32245774647264247,0.12343750000000016,0
213.20000000001423,0.2987340824778114,0.15406250000000002,0
213.25000000001424,0.2727077483369688,0.13312499999999985,0
213.30000000001425,0.2889722104983226,0.12265625000000016,0
213.35000000001426,0.2476784515989726,0.10687500000000001,0
213.40000000001427,0.24887123332243233,0.08453124999999992,0
213.45000000001428,0.6825806822169848,0.10265625,0
213.5000000000143,0.6820307324925262,0.10328125000000002,0
213.5500000000143,0.6693856506386144,0.0943749999999999,0
213.60000000001432,0.6614763349278516,0.17968749999999983,0
213.65000000001433,0.6453280713829337,0.11312500000000003,0
213.70000000001434,0.631482187313655,0.11328125000000003,0
213.75000000001435,0.6056585105959285,0.10406249999999999,0
213.80000000001436,0.5899229723192102,0.10421875000000003,0
213.85000000001438,0.5875579515196714,0.11328125000000003,0
213.9000000000144,0.6028149202763736,0.10187500000000001,0
213.9500000000144,0.6431243388621762,0.10359375000000001,0
214.0000000000144,0.5578166982519697,0.14499999999999985,0
214.05000000001442,0.5786964453077564,0.1818749999999998,0
214.10000000001443,0.571497681810925,0.11484374999999998,0
214.15000000001444,0.6463343084418859,0.1624999999999998,0
214.20000000001446,0.5656806781025401,0.1521875,0
214.25000000001447,0.5516366681316867,0.18812500000000018,0
214.30000000001448,0.5320128046136022,0.08218749999999989,0
214.3500000000145,0.5337542213985199,0.12984374999999984,0
214.4000000000145,0.5112791071358053,0.13124999999999984,0
214.4500000000145,0.4933091051853656,0.11234375,0
214.50000000001452,0.4836819442419403,0.14734375000000002,0
214.55000000001453,0.4615841854270035,0.0932812499999999,0
214.60000000001455,0.44039928103580667,0.09328124999999991,0
214.65000000001456,0.4219539195240652,0.13218749999999985,0
214.70000000001457,0.42007674657800115,0.0968749999999999,0
214.75000000001458,0.4274261797404775,0.12218750000000009,0
214.8000000000146,0.41552923083119747,0.06406250000000008,0
214.8500000000146,0.39312214861179157,0.12687499999999988,0
214.90000000001461,0.37169407795651527,0.12281250000000013,0
214.95000000001463,0.34083492576998264,0.14578124999999997,0
215.00000000001464,0.7976491692787855,0.17484375000000021,0
215.05000000001465,0.8004448500741843,0.18609375000000022,0
215.10000000001466,0.7853013922577718,0.17562499999999978,0
215.15000000001467,0.7816877482788428,0.1657812500000002,0
215.20000000001468,0.7684865578092194,0.15499999999999986,0
215.2500000000147,0.7672095385205485,0.18265625000000021,0
215.3000000000147,0.7655690891172237,0.10312500000000006,0
215.35000000001472,0.766361497414517,0.09171875,0
215.40000000001473,0.7473545462555854,0.07046874999999994,0
215.45000000001474,0.7407325587247912,0.10375000000000005,0
215.50000000001475,0.7278890387680818,0.12218749999999987,0
215.55000000001476,0.724643537208338,0.0815624999999999,0
215.60000000001477,0.7204438519979862,0.09171874999999999,0
215.65000000001478,0.7228528223735712,0.10171875000000008,0
215.7000000000148,0.9999997404004713,0.0925,0
215.7500000000148,0.676048351574108,0.08937500000000001,0
215.80000000001482,0.6537572852449786,0.11109375000000014,0
215.85000000001483,0.6197778283281052,0.0909375,0
215.90000000001484,0.6149907704007311,0.09265625,0
215.95000000001485,0.6153780647799981,0.0810937499999999,0
216.00000000001486,0.7105826512942423,0.11359375000000013,0
216.05000000001488,0.9999998013908745,0.10968750000000013,0
216.1000000000149,0.6811101036572406,0.09171875,0
216.1500000000149,0.9999997531926279,0.12984375000000006,0
216.2000000000149,0.9999997154963853,0.16140625000000022,0
216.25000000001492,0.6392749043657845,0.1531249999999999,0
216.30000000001493,0.6343166240951427,0.09171875,0
216.35000000001494,0.6195060848244855,0.07296874999999997,0
216.40000000001496,0.5871461673778671,0.06953124999999995,0
216.45000000001497,0.566514823355485,0.09968750000000012,0
216.50000000001498,0.9999997049016929,0.13046875000000008,0
216.550000000015,0.9999996866935128,0.10078125000000011,0
216.600000000015,0.9999997153768407,0.10187500000000009,0
216.650000000015,0.5339168534899612,0.10984375000000013,0
216.70000000001502,0.5291270620097336,0.09843750000000011,0
216.75000000001504,0.9999996485194208,0.13078125000000002,0
216.80000000001505,0.5056658209741873,0.12234374999999982,0
216.85000000001506,0.4991135919003605,0.0884375,0
216.90000000001507,0.9999994671617398,0.1421875,0
216.95000000001508,0.44282236243089323,0.10312500000000006,0
217.0000000000151,0.8519153952510533,0.19640624999999998,0
217.0500000000151,0.9999999146453937,0.14328124999999997,0
217.10000000001511,0.9999999054365757,0.14171874999999998,0
217.15000000001513,0.9999999127476108,0.1529687499999999,0
217.20000000001514,0.8402683274882798,0.1403125,0
217.25000000001515,0.835921676457853,0.17906250000000018,0
217.30000000001516,0.8339795134064314,0.10812500000000011,0
217.35000000001517,0.8314856118761114,0.09921875000000009,0
217.40000000001518,0.8240744900947068,0.08624999999999998,0
217.4500000000152,0.8211804100053077,0.08749999999999998,0
217.5000000000152,0.8157395593063242,0.0982812500000001,0
217.55000000001522,0.8134194093966903,0.10687500000000012,0
217.60000000001523,0.9999998874634913,0.10718750000000013,0
217.65000000001524,0.8019293124104134,0.0762499999999999,0
217.70000000001525,0.7945268319232361,0.11609374999999984,0
217.75000000001526,0.7882219137097963,0.09875000000000009,0
217.80000000001527,0.9999998629918515,0.10765625000000012,0
217.85000000001529,0.9999999310859118,0.0757812499999999,0
217.9000000000153,0.9999998472635993,0.09953125000000008,0
217.9500000000153,0.9999998387462823,0.11859374999999986,0
218.00000000001532,0.8182031706747531,0.18718750000000017,0
218.05000000001533,0.8172872229716067,0.1601562499999999,0
218.10000000001534,0.8143742727600506,0.13031249999999983,0
218.15000000001535,0.8066472124313268,0.18828125000000018,0
218.20000000001536,0.8015221624557699,0.16640625000000014,0
218.25000000001538,0.7947607062703884,0.15781249999999986,0
218.3000000000154,0.7859072744760578,0.1364062500000001,0
218.3500000000154,0.7832264062141324,0.1359375000000001,0
218.4000000000154,0.7747969828293143,0.0868749999999999,0
218.45000000001542,0.765137393044997,0.12687499999999985,0
218.50000000001543,0.7595219392900563,0.09671874999999998,0
218.55000000001544,0.9999998583042118,0.12421874999999986,0
218.60000000001546,0.7370591282933672,0.1360937500000001,0
218.65000000001547,0.7219658547580342,0.06906250000000007,0
218.70000000001548,0.7128986537704564,0.11515625000000011,0
218.7500000000155,0.7044547480504945,0.15609374999999986,0
218.8000000000155,0.6950820600953529,0.10750000000000001,0
218.8500000000155,0.6758997713928585,0.10625000000000002,0
218.90000000001552,0.6613006357572763,0.1178125000000001,0
218.95000000001554,0.9999999999996985,0.07890624999999993,0
219.00000000001555,0.9999999999999079,0.16093749999999987,0
219.05000000001556,0.9999999999999095,0.14687499999999998,0
219.10000000001557,0.9069899485963521,0.14421874999999998,0
219.15000000001558,0.901277632464379,0.13484375000000012,0
219.2000000000156,0.9999999438329963,0.1756249999999998,0
219.2500000000156,0.8921247074340855,0.1346875000000001,0
219.30000000001561,0.8891437077368494,0.09312499999999999,0
219.35000000001563,0.885785186179432,0.10296875000000005,0
219.40000000001564,0.8828837690653767,0.10218750000000006,0
219.45000000001565,0.8798205486061904,0.09328125,0
219.50000000001566,0.8764821804209757,0.09390625,0
219.55000000001567,0.9999999999999685,0.10250000000000006,0
219.60000000001568,0.8699364463301275,0.09703124999999999,0
219.6500000000157,0.9999999999999662,0.1146875000000001,0
219.7000000000157,0.9999999999999648,0.13453125000000013,0
219.75000000001572,0.8874269910558376,0.0834374999999999,0
219.80000000001573,0.8683294399088222,0.09375,0
219.85000000001574,0.8458361410617572,0.1403125,0
219.90000000001575,0.9999999999999845,0.10500000000000002,0
219.95000000001576,0.9999999999999922,0.09578124999999998,0
220.00000000001577,0.853632069513735,0.12125000000000012,0
220.05000000001579,0.8469384697131263,0.12984374999999987,0
220.1000000000158,0.841440037690334,0.16953125000000016,0
220.1500000000158,0.8357609472005657,0.20734374999999972,0
220.20000000001582,0.9999999999999658,0.17749999999999982,0
220.25000000001583,0.822910751612056,0.09015624999999992,0
220.30000000001584,0.812719435712033,0.12390624999999986,0
220.35000000001585,0.8081234202707748,0.14234375000000002,0
220.40000000001586,0.9999999051293759,0.08312499999999992,0
220.45000000001588,0.7956878800555798,0.09625000000000003,0
220.5000000000159,0.8554525955830793,0.09593750000000002,0
220.5500000000159,0.7748697887558995,0.12749999999999986,0
220.6000000000159,0.999999999999884,0.08703124999999994,0
220.65000000001592,0.9999999999998714,0.13656250000000014,0
220.70000000001593,0.7438774732068174,0.12578124999999984,0
220.75000000001594,0.7289488136150829,0.05671875000000008,0
220.80000000001596,0.7128403891538544,0.08546874999999993,0
220.85000000001597,0.6971516862400332,0.13437500000000013,0
220.90000000001598,0.6764213371275646,0.08812499999999993,0
220.950000000016,0.6413691548418222,0.11640625000000013,0
221.000000000016,0.7208421692784607,0.14499999999999985,0
221.050000000016,0.715565325036295,0.1440625000000001,0
221.10000000001602,0.7069347322636902,0.1824999999999998,0
221.15000000001604,0.697239760756117,0.17890624999999982,0
221.20000000001605,0.6865683902358819,0.1443750000000001,0
221.25000000001606,0.6956328066331977,0.20031249999999998,0
221.30000000001607,0.9999999128936852,0.08562499999999991,0
221.35000000001608,0.650486808455545,0.1410937500000001,0
221.4000000000161,0.9999998228306288,0.1623437499999998,0
221.4500000000161,0.9999998148485426,0.12171875000000014,0
221.50000000001612,0.640578167758366,0.10578125000000002,0
221.55000000001613,0.6244804606650368,0.12328125000000015,0
221.60000000001614,0.9999999999996793,0.16296874999999977,0
221.65000000001615,0.6106212573459024,0.10515625000000002,0
221.70000000001616,0.605344466891715,0.10437500000000002,0
221.75000000001617,0.999999762089972,0.12375000000000017,0
221.80000000001618,0.9999997470650916,0.10531250000000003,0
221.8500000000162,0.562955290614857,0.12500000000000014,0
221.9000000000162,0.5481416320172711,0.09390624999999993,0
221.95000000001622,0.5214211960548628,0.1153125,0
222.00000000001623,0.999999933460451,0.18703124999999987,0
222.05000000001624,0.9999999346824009,0.17671875000000017,0
222.10000000001625,0.852948037076286,0.18671874999999985,0
222.15000000001626,0.8482892963825612,0.19640625000000025,0
222.20000000001627,0.8412637280726962,0.17718750000000014,0
222.25000000001629,0.8326693252158655,0.25796874999999975,0
222.3000000000163,0.822574498358093,0.109375,0
222.3500000000163,0.9999999145685933,0.11906249999999999,0
222.40000000001632,0.9999999228167711,0.11531250000000001,0
222.45000000001633,0.808090605466578,0.07375000000000007,0
222.50000000001634,0.7980644885579116,0.13765624999999987,0
222.55000000001635,0.7912431560981213,0.11874999999999998,0
222.60000000001637,0.7749786745102919,0.1273437500000001,0
222.65000000001638,0.7441243028189347,0.12781250000000013,0
222.7000000000164,0.9999998514870639,0.12843750000000012,0
222.7500000000164,0.710465974538867,0.1278125000000001,0
222.8000000000164,0.6840273401139887,0.10062499999999988,0
222.85000000001642,0.6627107119645745,0.1276562500000001,0
222.90000000001643,0.6325297185930502,0.09531249999999987,0
222.95000000001644,0.6119439521423374,0.11859374999999998,0
223.00000000001646,0.8898937015121522,0.1875000000000002,0
223.05000000001647,0.999999951233824,0.16203124999999988,0
223.10000000001648,0.9999999765262851,0.22203125000000007,0
223.1500000000165,0.999999943069342,0.19046875000000021,0
223.2000000000165,0.9999999394132547,0.15046874999999998,0
223.2500000000165,0.8024528460923119,0.20125,0
223.30000000001652,0.782100149493154,0.11218750000000008,0
223.35000000001654,0.7665429691911974,0.07906249999999997,0
223.40000000001655,0.7498061220113805,0.12140625000000016,0
223.45000000001656,0.7431254368833735,0.09875000000000002,0
223.50000000001657,0.999999915239836,0.09890625000000001,0
223.55000000001658,0.9999999103248074,0.0904687499999999,0
223.6000000000166,0.6940560322444029,0.12734374999999987,0
223.6500000000166,0.6795447040437084,0.11890625000000017,0
223.70000000001662,0.5969974158606075,0.0878124999999999,0
223.75000000001663,0.576478077315622,0.0890624999999999,0
223.80000000001664,0.5513470943464399,0.1087500000000001,0
223.85000000001665,0.9999998276654477,0.10812500000000011,0
223.90000000001666,0.999999810747634,0.14953125,0
223.95000000001667,0.43213916782073664,0.0893749999999999,0
224.00000000001668,0.3959160385832867,0.1407812499999998,0
224.0500000000167,0.2881127524714614,0.1503125,0
224.1000000000167,0.9999995158126783,0.1764062500000001,0
224.15000000001672,0.21625782102332355,0.15859374999999995,0
224.20000000001673,0.24676948013783478,0.18281249999999974,0
224.25000000001674,0.9999998406097662,0.18499999999999975,0
224.30000000001675,0.25415990472624794,0.15499999999999997,0
224.35000000001676,0.21436971760971407,0.11078124999999998,0
224.40000000001677,0.2799595206666364,0.10109374999999987,0
224.4500000000168,0.09645106702564853,0.11984375000000005,0
224.5000000000168,0.9999994697978974,0.11921875000000004,0
224.5500000000168,0.9999999999975104,0.08171875,0
224.60000000001682,0.9999999999975104,0.11265624999999997,0
224.65000000001683,0.1527600145653389,0.1276562500000001,0
224.70000000001684,0.12079122506615923,0.12656250000000008,0
224.75000000001685,0.11110619583437668,0.11937500000000004,0
224.80000000001687,0.18482821939365898,0.09234374999999993,0
224.85000000001688,0.17481588859444003,0.10937499999999997,0
224.9000000000169,0.9999999999974958,0.10078124999999989,0
224.9500000000169,0.9999999999974958,0.12046875000000005,0
225.0000000000169,0.6843171121347802,0.16796875,0
225.05000000001692,0.6759746667420893,0.1765625000000002,0
225.10000000001693,0.6513104523925216,0.1765625000000002,0
225.15000000001695,0.6526580591370403,0.15812500000000002,0
225.20000000001696,0.6309915388201394,0.18484374999999983,0
225.25000000001697,0.6135708298573137,0.16843749999999988,0
225.30000000001698,0.5967000598117463,0.10437499999999993,0
225.350000000017,0.5597420822902438,0.11374999999999999,0
225.400000000017,0.5100736223743733,0.1067187499999999,0
225.450000000017,0.4585136692816556,0.13250000000000015,0
225.50000000001702,0.4644289484833728,0.11468750000000001,0
225.55000000001704,0.999999999996735,0.13171875000000013,0
225.60000000001705,0.3994439997727266,0.0967187499999999,0
225.65000000001706,0.3656297269085295,0.1489062500000001,0
225.70000000001707,0.3181468413436619,0.12578124999999993,0
225.75000000001708,0.2744495305180312,0.12937500000000013,0
225.8000000000171,0.21504414135342667,0.09609374999999991,0
225.8500000000171,0.18185892624174887,0.10703124999999991,0
225.90000000001712,0.12675375773002762,0.09671874999999988,0
225.95000000001713,0.13896015750811305,0.11374999999999999,0
226.00000000001714,0.47483672107391794,0.15578125000000007,0
226.05000000001715,0.4648931989159012,0.14640625000000004,0
226.10000000001716,0.45767790898081173,0.15687499999999996,0
226.15000000001717,0.44403756191197413,0.13749999999999982,0
226.20000000001718,0.4288840993922289,0.19296874999999997,0
226.2500000000172,0.4110253940523787,0.1629687499999998,0
226.3000000000172,0.38797131573642674,0.10734374999999999,0
226.35000000001722,0.3648491557882124,0.0962499999999999,0
226.40000000001723,0.3322738631800456,0.10812499999999999,0
226.45000000001724,0.29627759752736554,0.15296874999999993,0
226.50000000001725,0.2610573885428923,0.1256250000000001,0
226.55000000001726,0.23651571791650775,0.11859374999999998,0
226.60000000001727,0.20461086472720283,0.1275000000000001,0
226.6500000000173,0.17651193252719716,0.10046874999999993,0
226.7000000000173,0.14570369011421666,0.11890624999999996,0
226.7500000000173,0.14597941386018737,0.10078124999999993,0
226.80000000001732,0.13659709393735023,0.1615624999999998,0
226.85000000001733,0.12564135364094633,0.12546875000000007,0
226.90000000001734,0.12164432433488129,0.14375000000000004,0
226.95000000001735,0.11793719920422331,0.11734375000000001,0
227.00000000001737,0.4248383202878329,0.2009375000000002,0
227.05000000001738,0.43286069320309145,0.18203124999999984,0
227.1000000000174,0.4222080880829504,0.19093750000000026,0
227.1500000000174,0.4137442853762444,0.17203125000000022,0
227.2000000000174,0.4255023283935178,0.16124999999999987,0
227.25000000001742,0.408872546053828,0.19234375000000026,0
227.30000000001743,0.38847248928515754,0.08281249999999993,0
227.35000000001745,0.40304041070559976,0.10281250000000001,0
227.40000000001746,0.4135012688529786,0.19765625000000003,0
227.45000000001747,0.4041849320589856,0.14125000000000007,0
227.50000000001748,0.3875791983113094,0.16765625000000023,0
227.5500000000175,0.37260322822327036,0.09359374999999993,0
227.6000000000175,0.3671687391289177,0.09234374999999992,0
227.6500000000175,0.31537622089416395,0.12187500000000014,0
227.70000000001752,0.30443110855438227,0.10406250000000002,0
227.75000000001754,0.27958885968891367,0.11203125000000005,0
227.80000000001755,0.2726514154002592,0.10906250000000002,0
227.85000000001756,0.26945007025849693,0.14968750000000006,0
227.90000000001757,0.27540998142433104,0.08562499999999992,0
227.95000000001758,0.26147774174874,0.14171875000000006,0
228.0000000000176,0.5237351145261125,0.11828125,0
228.0500000000176,0.5374204786029497,0.17234375000000016,0
228.10000000001762,0.534257899278987,0.1426562500000001,0
228.15000000001763,0.5253391682178322,0.18968750000000018,0
228.20000000001764,0.5308445283300011,0.20859374999999974,0
228.25000000001765,0.5170086183374599,0.14078125000000005,0
228.30000000001766,0.5069553584087695,0.10343749999999999,0
228.35000000001767,0.48845862716836946,0.11203125000000003,0
228.40000000001768,0.48056864520601117,0.08578124999999992,0
228.4500000000177,0.47553634774151393,0.11296875000000002,0
228.5000000000177,0.46585897025527534,0.13062499999999985,0
228.55000000001772,0.4608733037207926,0.1804687499999998,0
228.60000000001773,0.4575096867819004,0.11500000000000003,0
228.65000000001774,0.42878185121035817,0.12906249999999986,0
228.70000000001775,0.42640920395272863,0.07015625000000004,0
228.75000000001776,0.408154063932406,0.11093750000000005,0
228.80000000001777,0.4015370286016893,0.14015625000000007,0
228.8500000000178,0.391244399503476,0.10171875,0
228.9000000000178,0.38916631061286305,0.11984375000000011,0
228.9500000000178,0.3674250563713194,0.09203124999999993,0
229.00000000001782,0.6574656188419477,0.19953125000000022,0
229.05000000001783,0.6605828167675343,0.16140624999999986,0
229.10000000001784,0.6591070112832114,0.18234374999999983,0
229.15000000001785,0.6545602232608815,0.18093749999999983,0
229.20000000001787,0.6501096508007628,0.2128124999999998,0
229.25000000001788,0.6380175295370576,0.1421875000000001,0
229.3000000000179,0.6298176887667866,0.10828125000000008,0
229.3500000000179,0.6210756205160425,0.08171874999999994,0
229.4000000000179,0.6084168614312703,0.1279687499999999,0
229.45000000001792,0.5970043962778462,0.06875000000000003,0
229.50000000001793,0.5908522169819943,0.1306249999999999,0
229.55000000001795,0.5875711364788717,0.07687499999999994,0
229.60000000001796,0.5754818332446324,0.10796875000000009,0
229.65000000001797,0.5727109526026382,0.08953124999999994,0
229.70000000001798,0.5476422696738826,0.09875,0
229.750000000018,0.5374689672622635,0.10984375000000005,0
229.800000000018,0.5211775587020078,0.09734375000000002,0
229.850000000018,0.5155913039542614,0.09046874999999993,0
229.90000000001803,0.508232944031116,0.10828125000000008,0
229.95000000001804,0.5006917177091732,0.08734374999999996,0
230.00000000001805,0.7622044851425495,0.21234375,0
230.05000000001806,0.7619281645501602,0.1812499999999998,0
230.10000000001807,0.7574576337205176,0.21140624999999985,0
230.15000000001808,0.7511737642397298,0.19187500000000018,0
230.2000000000181,0.7468345458482342,0.22031250000000013,0
230.2500000000181,0.7435235754274613,0.20234375000000004,0
230.30000000001812,0.7391450276837901,0.08843749999999992,0
230.35000000001813,0.7311912552015243,0.11859375000000008,0
230.40000000001814,0.7274669670841258,0.068125,0
230.45000000001815,0.7171128707387837,0.11734375000000008,0
230.50000000001816,0.7096244258535263,0.1787499999999998,0
230.55000000001817,0.7054895174847007,0.11812500000000008,0
230.60000000001818,0.7000401610804694,0.0868749999999999,0
230.6500000000182,0.6895087726875101,0.13781250000000003,0
230.7000000000182,0.6851053955798242,0.12765624999999986,0
230.75000000001822,0.6799852384705213,0.1165625000000001,0
230.80000000001823,0.6700448452757428,0.11453125000000008,0
230.85000000001824,0.6659026709249761,0.12828124999999987,0
230.90000000001825,0.6596871946406808,0.07656249999999998,0
230.95000000001826,0.6474158503798749,0.09703124999999999,0
231.00000000001828,0.6933418319412765,0.11390625000000001,0
231.0500000000183,0.6838560484793403,0.15906249999999983,0
231.1000000000183,0.6768521888347909,0.13109374999999984,0
231.1500000000183,0.6681237371184624,0.1773437499999998,0
231.20000000001832,0.6598011376194003,0.12171875000000007,0
231.25000000001833,0.6477472929507678,0.15171874999999996,0
231.30000000001834,0.6420678552182238,0.1209375000000001,0
231.35000000001835,0.6367887161327138,0.11828125000000007,0
231.40000000001837,0.6297471617415814,0.14093750000000002,0
231.45000000001838,0.6175364044583778,0.14875,0
231.5000000000184,0.6087090132719432,0.13578125000000002,0
231.5500000000184,0.595344067934331,0.14187500000000003,0
231.6000000000184,0.5832700316221344,0.10921875000000003,0
231.65000000001842,0.5722782282294971,0.09187499999999996,0
231.70000000001843,0.5541354246693055,0.08718749999999995,0
231.75000000001845,0.5279059293742433,0.13906250000000003,0
231.80000000001846,0.5149199555224971,0.15140624999999996,0
231.85000000001847,0.5111870244476081,0.11843750000000008,0
231.90000000001848,0.49861422389640725,0.15890624999999986,0
231.9500000000185,0.48317244678321225,0.14828124999999995,0
232.0000000000185,0.6845194373944229,0.19718750000000018,0
232.0500000000185,0.682054825115311,0.20218750000000002,0
232.10000000001853,0.6723945462770053,0.14546875000000004,0
232.15000000001854,0.6657598708577198,0.153125,0
232.20000000001855,0.6593037091585447,0.13312499999999988,0
232.25000000001856,0.6502593876980568,0.1615624999999999,0
232.30000000001857,0.642970549084188,0.09453124999999993,0
232.35000000001858,0.6366018312616952,0.10328124999999999,0
232.4000000000186,0.6261657393723271,0.1515625,0
232.4500000000186,0.6172128336926043,0.11265625000000005,0
232.50000000001862,0.6055880930024795,0.1321874999999999,0
232.55000000001863,0.5952183497914092,0.10390625,0
232.60000000001864,0.5826000474659659,0.12234375000000008,0
232.65000000001865,0.5737905069519523,0.11250000000000007,0
232.70000000001866,0.5653614841293733,0.1306249999999999,0
232.75000000001867,0.5620681109184192,0.10499999999999998,0
232.80000000001868,0.5540509985484067,0.11265625000000008,0
232.8500000000187,0.5524650781088081,0.14203125000000005,0
232.9000000000187,0.5481765589897274,0.10328124999999999,0
232.95000000001872,0.541521338051555,0.10265625,0
233.00000000001873,0.5927615402131454,0.1565625,0
233.05000000001874,0.5842785874448592,0.12718750000000012,0
233.10000000001875,0.5714817859096302,0.1245312500000001,0
233.15000000001876,0.562603822819447,0.10500000000000001,0
233.20000000001878,0.5583917168884155,0.14328125000000003,0
233.2500000000188,0.5528547972326053,0.16312499999999988,0
233.3000000000188,0.5491579366167259,0.11281250000000005,0
233.3500000000188,0.5372748788415505,0.11421875000000004,0
233.40000000001882,0.5212437738653632,0.1046875,0
233.45000000001883,0.515096127501051,0.07781250000000002,0
233.50000000001884,0.5112237945695947,0.08531249999999994,0
233.55000000001885,0.5002702884379354,0.09453124999999993,0
233.60000000001887,0.4990450518381567,0.10546875000000003,0
233.65000000001888,0.49231387095786866,0.10484374999999999,0
233.7000000000189,0.4687146476965013,0.1237500000000001,0
233.7500000000189,0.45717448401698996,0.1342187499999999,0
233.8000000000189,0.44209482227015134,0.09609374999999994,0
233.85000000001892,0.4451465442574063,0.12375000000000011,0
233.90000000001893,0.4339928091571109,0.11421875000000004,0
233.95000000001895,0.4070649897336466,0.11453125000000004,0
234.00000000001896,0.7255729922900339,0.19046875000000016,0
234.05000000001897,0.720677439849771,0.15296875000000013,0
234.10000000001898,0.7105872058516676,0.18984374999999984,0
234.150000000019,0.7024400524801626,0.19031249999999983,0
234.200000000019,0.6943301118647339,0.19031249999999983,0
234.250000000019,0.6834810314617801,0.19031249999999983,0
234.30000000001903,0.6728132618393446,0.19031249999999983,1
234.35000000001904,0.6632926032526869,0.19031249999999983,1
234.40000000001905,0.65045138692509,0.19031249999999983,1
234.45000000001906,0.6369972601939556,0.19031249999999983,1
234.50000000001907,0.6236623421373649,0.19031249999999983,1
234.55000000001908,0.6091520686035865,0.19031249999999983,1
234.6000000000191,0.5950409103726607,0.19031249999999983,1
234.6500000000191,0.5796301519826756,0.19031249999999983,0
234.70000000001912,0.5667884628662994,0.1976562499999998,0
234.75000000001913,0.5481841112511319,0.1976562499999998,0
234.80000000001914,0.5312183033475393,0.6089062500000001,0
234.85000000001915,0.5218404391287721,0.63828125,0
234.90000000001916,0.5107982173668939,0.62953125,0
234.95000000001917,0.49436988395284426,0.6296875,0
235.00000000001918,0.7629836579670654,0.6773437499999995,0
235.0500000000192,0.7611401083656335,0.17328124999999983,0
235.1000000000192,0.7486127383222685,0.16531249999999995,0
235.15000000001922,0.7381927296903023,0.14640624999999982,0
235.20000000001923,0.7312816365553194,0.20281250000000023,0
235.25000000001924,0.7206779193516616,0.15515625000000013,0
235.30000000001925,0.7116071683300355,0.07734375000000007,0
235.35000000001926,0.701065770378669,0.13453125000000013,0
235.40000000001928,0.6886126626305794,0.14265624999999985,0
235.4500000000193,0.6690982758085796,0.13328125000000013,0
235.5000000000193,0.6476165567991033,0.11734375,0
235.5500000000193,0.6293664806683492,0.12281249999999996,0
235.60000000001932,0.6078212272441671,0.09437499999999988,0
235.65000000001933,0.5893880753772625,0.12390624999999997,0
235.70000000001934,0.5715268983465335,0.08703125000000009,0
235.75000000001936,0.5481524271524008,0.12218749999999996,0
235.80000000001937,0.507616290161811,0.11453125,0
235.85000000001938,0.47823919103156565,0.12437499999999997,0
235.9000000000194,0.42376359793379037,0.12390624999999997,0
235.9500000000194,0.3776329131779927,0.1909374999999998,0
236.0000000000194,0.60725623916389,0.21187500000000026,0
236.05000000001942,0.6020679607136633,0.2064062500000002,0
236.10000000001943,0.5948969224742605,0.16937500000000003,0
236.15000000001945,0.5708524163864828,0.13890625000000018,0
236.20000000001946,0.5410286226942402,0.18609375000000022,0
236.25000000001947,0.5182812084635801,0.14953124999999984,0
236.30000000001948,0.48987830287523604,0.16546875,0
236.3500000000195,0.46708270014048553,0.12140625000000001,0
236.4000000000195,0.46121854968498904,0.07531249999999998,0
236.45000000001951,0.4529793570318039,0.09859374999999986,0
236.50000000001953,0.4233975885935741,0.14093750000000016,0
236.55000000001954,0.40077045320290416,0.11124999999999992,0
236.60000000001955,0.3825128750999428,0.1095312499999999,0
236.65000000001956,0.33954043222359376,0.1118749999999999,0
236.70000000001957,0.34646378328809596,0.12062500000000001,0
236.75000000001958,0.3214022784122127,0.11156249999999993,0
236.8000000000196,0.29065870607909067,0.16671874999999997,0
236.8500000000196,0.253374728318852,0.1103124999999999,0
236.90000000001962,0.2305673826739384,0.1481249999999998,0
236.95000000001963,0.19741718069289788,0.13046875,0
237.00000000001964,0.50134334826037,0.20781250000000023,0
237.05000000001965,0.4910974877925015,0.14281249999999984,0
237.10000000001966,0.4913590461587995,0.18312500000000015,0
237.15000000001967,0.47551061394328564,0.16343749999999999,0
237.20000000001968,0.45032004092557537,0.1539062500000001,0
237.2500000000197,0.42402128180716403,0.13468750000000013,0
237.3000000000197,0.4124124154571776,0.12374999999999996,0
237.35000000001972,0.38975756709030046,0.09828124999999988,0
237.40000000001973,0.39809488142403915,0.10359374999999993,0
237.45000000001974,0.369269320885958,0.14249999999999982,0
237.50000000001975,0.35044531171965454,0.12406249999999996,0
237.55000000001976,0.329099195375912,0.11531249999999997,0
237.60000000001978,0.2972253304617084,0.13359375000000015,0
237.6500000000198,0.2611826034736971,0.1435937499999998,0
237.7000000000198,0.22142109890958356,0.12531249999999997,0
237.7500000000198,0.2261603046149698,0.11421875,0
237.80000000001982,0.18913101539635213,0.1517187500000001,0
237.85000000001983,0.1639527084221121,0.13468750000000013,0
237.90000000001984,0.15247581116073802,0.1526562500000001,0
237.95000000001986,0.1278890183165348,0.11265624999999999,0
238.00000000001987,0.15785916812091771,0.13765625000000015,0
238.05000000001988,0.17250163354624842,0.12343749999999998,0
238.1000000000199,0.185429547167341,0.16312499999999996,0
238.1500000000199,0.17968077196603033,0.1726562499999998,0
238.2000000000199,0.14806733374729897,0.13406250000000014,0
238.25000000001992,0.17218476549257372,0.11874999999999998,0
238.30000000001993,0.15830295736049932,0.10390624999999991,0
238.35000000001995,0.17321756364439247,0.09468749999999987,0
238.40000000001996,0.19524185825861912,0.12328124999999998,0
238.45000000001997,0.10430795457715729,0.13296875000000014,0
238.50000000001998,0.13905437896596745,0.14203124999999983,0
238.55000000002,0.6533927464338237,0.13375000000000012,0
238.60000000002,0.6581736708145302,0.09640624999999986,0
238.65000000002001,0.6496457861226779,0.1037499999999999,0
238.70000000002003,0.6473551859762079,0.16125,0
238.75000000002004,0.6405803297990711,0.11640624999999998,0
238.80000000002005,0.6376869410301768,0.163125,0
238.85000000002006,0.6121443785451318,0.12765624999999997,0
238.90000000002007,0.5859533790462211,0.11468749999999998,0
238.95000000002008,0.5749522358291504,0.1134375,0
239.0000000000201,0.6886309182042344,0.26546875,0
239.0500000000201,0.6750394873038945,0.23046875000000006,0
239.10000000002012,0.6683246520318709,0.21874999999999972,0
239.15000000002013,0.6725569299873382,0.21968749999999973,0
239.20000000002014,0.6502715373136592,0.1868749999999998,0
239.25000000002015,0.65163094373228,0.2559375,0
239.30000000002016,0.6504094020481077,0.0914062499999999,0
239.35000000002017,0.6346094195240771,0.08015624999999992,0
239.40000000002019,0.6148774219655126,0.11953125000000013,0
239.4500000000202,0.572117146038899,0.09078124999999991,0
239.5000000000202,0.5650893781948574,0.09171874999999992,0
239.55000000002022,0.5438988190119085,0.13046874999999986,0
239.60000000002023,0.5287077957100149,0.09984375000000001,0
239.65000000002024,0.4941543164812992,0.12359375000000013,0
239.70000000002025,0.4827270914046937,0.12218750000000014,0
239.75000000002026,0.4578995330411424,0.10046875000000002,0
239.80000000002028,0.4530483221102833,0.11062500000000006,0
239.8500000000203,0.4224747287973458,0.09218749999999991,0
239.9000000000203,0.40927406169352215,0.14000000000000007,0
239.9500000000203,0.4031592977544976,0.17390625000000018,0
240.00000000002032,0.6001923911888029,0.1418749999999998,0
240.05000000002033,0.6002044862317187,0.16796875000000017,0
240.10000000002034,0.5912254300095378,0.17921874999999982,0
240.15000000002036,0.5660458096780039,0.12828124999999985,0
240.20000000002037,0.5748662022382397,0.15781249999999986,0
240.25000000002038,0.5379017457161257,0.15468749999999984,0
240.3000000000204,0.5038884928643582,0.13828125000000005,0
240.3500000000204,0.5066272657322023,0.08703124999999991,0
240.4000000000204,0.5020910310043075,0.08843749999999992,0
240.45000000002042,0.4882623560951727,0.06796875,0
240.50000000002044,0.45093831417771935,0.08671874999999991,0
240.55000000002045,0.4446091411083472,0.13687500000000002,0
240.60000000002046,0.46658194531346064,0.08171874999999992,0
240.65000000002047,0.4617004065795768,0.08624999999999991,0
240.70000000002048,0.45332027023974253,0.12812499999999988,0
240.7500000000205,0.43957348105415694,0.10750000000000008,0
240.8000000000205,0.4111394897853288,0.08624999999999991,0
240.85000000002051,0.40249790832687515,0.12937499999999988,0
240.90000000002053,0.46573185898748615,0.10765625000000008,0
240.95000000002054,0.45282664919651866,0.11734375000000012,0
241.00000000002055,0.814679329488701,0.15968749999999998,0
241.05000000002056,0.8197260654201836,0.19421874999999997,0
241.10000000002057,0.8185759614619843,0.21515625000000008,0
241.15000000002058,0.8150033315786139,0.15749999999999992,0
241.2000000000206,0.9999998865356413,0.16437500000000013,0
241.2500000000206,0.9999998975504795,0.2051562499999998,0
241.30000000002062,0.9999998924757666,0.11718750000000011,0
241.35000000002063,0.7955881664366263,0.1142187500000001,0
241.40000000002064,0.7958051957982476,0.056250000000000036,0
241.45000000002065,0.9999998884062555,0.12515624999999989,0
241.50000000002066,0.9999998664604589,0.054062500000000034,0
241.55000000002067,0.7684011761053451,0.0921875,0
241.60000000002069,0.7584817695086216,0.08468749999999993,0
241.6500000000207,0.7456649844919085,0.13093749999999998,0
241.7000000000207,0.7430319259596916,0.096875,0
241.75000000002072,0.7406136956251204,0.09406250000000001,0
241.80000000002073,0.7390394089362446,0.095625,0
241.85000000002074,0.9999998115655894,0.1325,0
241.90000000002075,0.7102984271225287,0.13343750000000001,0
241.95000000002076,0.9999996938802864,0.13421875,0
242.00000000002078,0.9999998790529963,0.17296875000000017,0
242.0500000000208,0.9999998848268928,0.11906250000000011,0
242.1000000000208,0.826315545368145,0.13796875000000003,0
242.1500000000208,0.8197277560717242,0.14796875000000004,0
242.20000000002082,0.8185506488112451,0.15765624999999994,0
242.25000000002083,0.9999998866710648,0.14218750000000008,0
242.30000000002084,0.7944369178076279,0.15578124999999993,0
242.35000000002086,0.7810726399119942,0.12828124999999987,0
242.40000000002087,0.7776463330276719,0.10906250000000006,0
242.45000000002088,0.7761207545132968,0.1279687499999999,0
242.5000000000209,0.7703354304633458,0.07906249999999998,0
242.5500000000209,0.7529468597207837,0.15718749999999995,0
242.6000000000209,0.999999826852311,0.08968749999999992,0
242.65000000002092,0.7296952670977769,0.10687500000000008,0
242.70000000002094,0.7098802048359917,0.12687499999999988,0
242.75000000002095,0.7041048444015504,0.13812500000000003,0
242.80000000002096,0.6961944457747787,0.13546875000000003,0
242.85000000002097,0.6896947817178682,0.12781249999999988,0
242.90000000002098,0.6755531585270427,0.098125,0
242.950000000021,0.9999997258726439,0.11640625000000011,0
243.000000000021,0.9999998492212442,0.13296874999999986,0
243.05000000002102,0.9999998438242811,0.138125,0
243.10000000002103,0.7198535347610843,0.1559374999999999,0
243.15000000002104,0.7097768082096937,0.14749999999999996,0
243.20000000002105,0.7050080388949547,0.11875000000000009,0
243.25000000002106,0.6968757179233851,0.17359374999999982,0
243.30000000002107,0.7028721331419675,0.10859375000000007,0
243.35000000002108,0.6943027076802115,0.10750000000000007,0
243.4000000000211,0.9999999999996838,0.10859375000000009,0
243.4500000000211,0.682760064639064,0.11578125000000009,0
243.50000000002112,0.6700677139945496,0.10796875000000009,0
243.55000000002113,0.6608316621813044,0.0896874999999999,0
243.60000000002114,0.999999777806334,0.08062499999999997,0
243.65000000002115,0.628673023261361,0.09875,0
243.70000000002116,0.6235455660848082,0.11640625000000009,0
243.75000000002117,0.6054803695701851,0.12749999999999986,0
243.80000000002119,0.5990010041718515,0.10875000000000008,0
243.8500000000212,0.5928317670459208,0.07265625000000002,0
243.9000000000212,0.5778106737839658,0.09031249999999989,0
243.95000000002122,0.5618412207772,0.12781249999999986,0
244.00000000002123,0.8644501286188978,0.14374999999999982,0
244.05000000002124,0.8633130414935759,0.12828124999999985,0
244.10000000002125,0.861524371569016,0.14749999999999996,0
244.15000000002127,0.858861772142502,0.1768749999999998,0
244.20000000002128,0.8558900152677905,0.14656249999999998,0
244.2500000000213,0.8512669029796935,0.1756249999999998,0
244.3000000000213,0.8476203698554234,0.08140624999999999,0
244.3500000000213,0.8416893145811524,0.08656249999999992,0
244.40000000002132,0.8396944172566554,0.10781250000000006,0
244.45000000002133,0.8350183902275466,0.10750000000000007,0
244.50000000002134,0.8311330779716944,0.12140624999999987,0
244.55000000002136,0.8273112935197943,0.08031249999999998,0
244.60000000002137,0.8224066151462748,0.10718750000000006,0
244.65000000002138,0.8194068540785049,0.11812500000000008,0
244.7000000000214,0.8123475430340915,0.15656249999999994,0
244.7500000000214,0.8068255811322054,0.0796875,0
244.8000000000214,0.8001742434197688,0.07921874999999998,0
244.85000000002142,0.7945080147547383,0.11687500000000009,0
244.90000000002144,0.7887090174682492,0.10796875000000003,0
244.95000000002145,0.7806180740103271,0.06984375000000001,0
245.00000000002146,0.9007440064309881,0.1704687499999999,0
245.05000000002147,0.8999670101077751,0.1621874999999999,0
245.10000000002148,0.8970663631248591,0.22062500000000007,0
245.1500000000215,0.8939804585569464,0.21171874999999982,0
245.2000000000215,0.8904805146468503,0.17093750000000016,0
245.25000000002152,0.8868909542487529,0.14359375000000005,0
245.30000000002153,0.8827331881146803,0.11375000000000002,0
245.35000000002154,0.8794313213907778,0.07359375,0
245.40000000002155,0.8750346777925252,0.10124999999999998,0
245.45000000002156,0.870825452700136,0.13984375000000002,0
245.50000000002157,0.8665106317243925,0.12265625000000006,0
245.55000000002158,0.8608232081720684,0.14125000000000004,0
245.6000000000216,0.8543945840479118,0.12421875000000007,0
245.6500000000216,0.8473353133302004,0.13218749999999987,0
245.70000000002162,0.8422374814949494,0.17749999999999982,0
245.75000000002163,0.8350945232031142,0.14437500000000006,0
245.80000000002164,0.8278159018181285,0.11968750000000006,0
245.85000000002165,0.8196827098033552,0.09437499999999992,0
245.90000000002166,0.8100611592893975,0.09406249999999991,0
245.95000000002167,0.8007781986166715,0.10234375,0
246.00000000002169,0.8951357326365543,0.20484375000000016,0
246.0500000000217,0.8935060381287095,0.1876562499999998,0
246.1000000000217,0.8880280380785742,0.2131249999999998,0
246.15000000002172,0.8832801891016847,0.16062499999999996,0
246.20000000002173,0.8787312163564623,0.17671875000000012,0
246.25000000002174,0.8739443863455653,0.14796875000000007,0
246.30000000002175,0.8691771239860964,0.10140624999999995,0
246.35000000002177,0.8663226577854463,0.10921874999999999,0
246.40000000002178,0.8589357911679173,0.11843749999999995,0
246.4500000000218,0.8582062954923692,0.1279687500000001,0
246.5000000000218,0.8508941133531985,0.10031249999999992,0
246.5500000000218,0.8451046355810659,0.10843749999999999,0
246.60000000002182,0.8358126591678066,0.11859374999999998,0
246.65000000002183,0.8259599460906805,0.1279687500000001,0
246.70000000002184,0.8150964867650562,0.11953124999999998,0
246.75000000002186,0.8057287589129355,0.09156249999999994,0
246.80000000002187,0.9999999999998174,0.17593750000000014,0
246.85000000002188,0.9999999132481477,0.11203125,0
246.9000000000219,0.9999999094143346,0.17156250000000012,0
246.9500000000219,0.7740504510564493,0.12734375000000012,0
247.0000000000219,0.8741948698670672,0.15000000000000008,0
247.05000000002192,0.8713706852256311,0.11656249999999997,0
247.10000000002194,0.8705378409640306,0.11374999999999998,0
247.15000000002195,0.8656560231760295,0.1435937500000001,0
247.20000000002196,0.9999999197877439,0.1339062499999999,0
247.25000000002197,0.9999999156163369,0.16046874999999985,0
247.30000000002198,0.8463268767060884,0.08562499999999992,0
247.350000000022,0.8509916025072763,0.11234374999999996,0
247.400000000022,0.8313960594572147,0.1417187500000001,0
247.45000000002202,0.8154803630179013,0.11390624999999996,0
247.50000000002203,0.8052699457567224,0.15109375,0
247.55000000002204,0.7961866556817772,0.10687500000000001,0
247.60000000002205,0.7847917539796456,0.14890625000000002,0
247.65000000002206,0.7674559551807709,0.11390624999999996,0
247.70000000002207,0.7503191613532434,0.07843750000000008,0
247.75000000002208,0.7291459162418742,0.12265625000000013,0
247.8000000000221,0.9999997568387099,0.1312499999999999,0
247.8500000000221,0.6854080809345238,0.14171875000000006,0
247.90000000002212,0.6773141270329056,0.0971874999999999,0
247.95000000002213,0.9999998673112233,0.14828125000000003,0
248.00000000002214,0.8629242823833048,0.1503125000000001,0
248.05000000002215,0.8576166484003158,0.18906250000000022,0
248.10000000002216,0.8515590435374604,0.21750000000000008,0
248.15000000002217,0.8416894944923371,0.151875,0
248.2000000000222,0.9999999209688628,0.14015625000000012,0
248.2500000000222,0.8353628972234768,0.15968749999999984,0
248.3000000000222,0.82812419267108,0.13062499999999988,0
248.35000000002222,0.812543423991612,0.12687499999999988,0
248.40000000002223,0.7924995223554926,0.10093749999999999,0
248.45000000002224,0.7703863318849529,0.12796874999999988,0
248.50000000002225,0.7494825304061875,0.12828124999999987,0
248.55000000002227,0.7352870054230937,0.08359374999999993,0
248.60000000002228,0.9999997858119757,0.07187500000000008,0
248.6500000000223,0.9999997642857381,0.08109374999999991,0
248.7000000000223,0.684933985860042,0.10953125000000001,0
248.7500000000223,0.6494706781419733,0.06484375000000006,0
248.80000000002232,0.603192821104551,0.12937499999999985,0
248.85000000002233,0.5632088836611989,0.1285937499999999,0
248.90000000002235,0.5286047317085092,0.12046875000000012,0
248.95000000002236,0.519513228422662,0.10046874999999997,0
249.00000000002237,0.7528969319163041,0.20500000000000002,0
249.05000000002238,0.7357120016111105,0.1084375,0
249.1000000000224,0.7089850059325514,0.17859374999999986,0
249.1500000000224,0.6639032041785956,0.13609374999999987,0
249.2000000000224,0.6429406589922866,0.19250000000000023,0
249.25000000002242,0.9999998241201491,0.12843750000000015,0
249.30000000002244,0.9999998026903324,0.13671874999999986,0
249.35000000002245,0.9999997931121217,0.10734375,0
249.40000000002246,0.5560194194035747,0.1339062499999999,0
249.45000000002247,0.4913605409453109,0.1587499999999999,0
249.50000000002248,0.4101498589092436,0.13328124999999988,0
249.5500000000225,0.4183826838758421,0.07640625000000008,0
249.6000000000225,0.44537545827760394,0.14140625000000012,0
249.65000000002252,0.39693975101132384,0.0974999999999999,0
249.70000000002253,0.3718316979923691,0.09484374999999991,0
249.75000000002254,0.3133340442855065,0.09703124999999992,0
249.80000000002255,0.24607225145876171,0.09546874999999991,0
249.85000000002256,0.16612712709050442,0.12375000000000017,0
249.90000000002257,0.08679732537495591,0.10515624999999999,0
249.95000000002258,0.9999999999979744,0.11515625,0
250.0000000000226,0.743393248105481,0.17312499999999978,0
250.0500000000226,0.7420721297315369,0.19281250000000016,0
250.10000000002262,0.7116970681548895,0.14796875000000007,0
250.15000000002263,0.6753312691121808,0.20328124999999994,0
250.20000000002264,0.634273932889154,0.21109374999999972,0
250.25000000002265,0.9999992405958701,0.1660937499999998,0
250.30000000002266,0.9999993875674867,0.14468750000000005,0
250.35000000002267,0.5346120962593929,0.11359375000000002,0
250.4000000000227,0.4873731870057817,0.11703125,0
250.4500000000227,0.4235096667250451,0.11375000000000002,0
250.5000000000227,0.35232426019104207,0.14328125000000005,0
250.55000000002272,0.25085053454490513,0.13218749999999985,0
250.60000000002273,0.23717170732110623,0.13265624999999984,0
250.65000000002274,0.9999999999981386,0.10406250000000002,0
250.70000000002275,0.20006672109624374,0.09531249999999994,0
250.75000000002277,0.20006672109624374,0.09390624999999993,0
250.80000000002278,0.19963916586862696,0.10281250000000001,0
250.8500000000228,0.1716984988258822,0.11281250000000002,0
250.9000000000228,0.17104739243291975,0.11343750000000004,0
250.9500000000228,0.14692779812955495,0.1239062500000001,0
251.00000000002282,0.6590814599843614,0.21390625000000002,0
251.05000000002283,0.6436617657943672,0.24250000000000033,0
251.10000000002285,0.5217644396259482,0.203125,0
251.15000000002286,0.4922134427284142,0.21093749999999978,0
251.20000000002287,0.46250516838377403,0.19765625,0
251.25000000002288,0.42714794779850757,0.18031249999999982,0
251.3000000000229,0.4247006395684957,0.1604687499999998,0
251.3500000000229,0.44065913792737665,0.07859374999999988,0
251.4000000000229,0.4360043503265493,0.13671875000000006,0
251.45000000002292,0.43534461088750204,0.14734374999999997,0
251.50000000002294,0.4159130129594607,0.10750000000000001,0
251.55000000002295,0.3965952429450104,0.09609374999999999,0
251.60000000002296,0.3756189922282427,0.08624999999999991,0
251.65000000002297,0.3552879054091846,0.07593749999999991,0
251.70000000002298,0.31945568319459655,0.11359375000000013,0
251.750000000023,0.29218544277379066,0.0965625,0
251.800000000023,0.2534142655449321,0.1053125,0
251.85000000002302,0.250093555272036,0.10625000000000002,0
251.90000000002303,0.24656045945822916,0.0965625,0
251.95000000002304,0.2348509876134851,0.12734374999999984,0
252.00000000002305,0.19187068517982023,0.10453125,0
252.05000000002306,0.19188632910263825,0.1771874999999999,0
252.10000000002307,0.17788262950645933,0.18515625000000024,0
252.15000000002308,0.1638868286581317,0.15109375000000005,0
252.2000000000231,0.15465710962678386,0.1840625000000002,0
252.2500000000231,0.14908208379584426,0.1665625000000002,0
252.30000000002312,0.15342458857126792,0.11390625000000006,0
252.35000000002313,0.16441401499973224,0.11687500000000013,0
252.40000000002314,0.13635121562873054,0.11046875000000005,0
252.45000000002315,0.12149237887668372,0.07515625000000006,0
252.50000000002316,0.11479909157429956,0.0828124999999999,0
252.55000000002318,0.1191694352866316,0.11062500000000006,0
252.6000000000232,0.11902064460616167,0.07593750000000009,0
252.6500000000232,0.1443461251261563,0.1384375000000001,0
252.7000000000232,0.12220574718174071,0.10859375000000002,0
252.75000000002322,0.1504296273395071,0.12765624999999992,0
252.80000000002323,0.14681330210006735,0.12749999999999992,0
252.85000000002324,0.14073164999429777,0.12874999999999992,0
252.90000000002325,0.14526236153995759,0.08328124999999989,0
252.95000000002327,0.15974197550754565,0.07265625000000005,0
253.00000000002328,0.5341984175838107,0.22812500000000008,0
253.0500000000233,0.5314612716111774,0.17921875000000015,0
253.1000000000233,0.5347274137124786,0.17781250000000018,0
253.1500000000233,0.5248887374291249,0.15218750000000017,0
253.20000000002332,0.5117669923338989,0.16,0
253.25000000002333,0.5060013132656243,0.1937500000000002,0
253.30000000002335,0.5045328163476075,0.11640625,0
253.35000000002336,0.5075466443373878,0.10687499999999998,0
253.40000000002337,0.4908283459102035,0.11359375000000001,0
253.45000000002338,0.4842399865039089,0.13171875000000013,0
253.5000000000234,0.475915251454672,0.11390625000000001,0
253.5500000000234,0.4700309963348294,0.14796875000000012,0
253.6000000000234,0.4642473145965598,0.10421874999999999,0
253.65000000002343,0.4539409376038131,0.08078125000000005,0
253.70000000002344,0.43188771881840016,0.11953125000000002,0
253.75000000002345,0.43607588543612336,0.10328124999999996,0
253.80000000002346,0.4277048608595637,0.11468750000000001,0
253.85000000002347,0.4184459893975577,0.12203125000000001,0
253.90000000002348,0.40485797998141915,0.11968749999999999,0
253.9500000000235,0.39720581116538317,0.10453124999999999,0
254.0000000000235,0.6500525995817127,0.18968750000000015,0
254.05000000002352,0.6488878900802992,0.12937499999999985,0
254.10000000002353,0.6330909372413294,0.18218750000000014,0
254.15000000002354,0.627156872302728,0.19078124999999982,0
254.20000000002355,0.6164838346217086,0.13656250000000014,0
254.25000000002356,0.6109410235136682,0.14468749999999986,0
254.30000000002357,0.6026656635067892,0.11781249999999999,0
254.35000000002358,0.5966390619236621,0.12562499999999988,0
254.4000000000236,0.5917192593245987,0.09046875000000013,0
254.4500000000236,0.5759631214328768,0.09062500000000014,0
254.50000000002362,0.5656220720495979,0.13359375000000012,0
254.55000000002363,0.5503425845428416,0.10656249999999998,0
254.60000000002364,0.5470994044740816,0.09984374999999987,0
254.65000000002365,0.5366526972021396,0.10078124999999986,0
254.70000000002366,0.5325961036057594,0.10859374999999998,0
254.75000000002368,0.5279209836458589,0.15218750000000017,0
254.8000000000237,0.5332069760968794,0.11187499999999999,0
254.8500000000237,0.510179988920642,0.14531249999999987,0
254.9000000000237,0.4746055928664942,0.1368750000000001,0
254.95000000002372,0.46861312835253643,0.118125,0
255.00000000002373,0.6578704931185236,0.15328124999999987,0
255.05000000002374,0.6569052316444202,0.1368750000000001,0
255.10000000002375,0.6524032020948509,0.11906249999999999,0
255.15000000002377,0.6472109030841549,0.19046874999999988,0
255.20000000002378,0.6446876942771801,0.16187500000000002,0
255.2500000000238,0.6380523015733921,0.13703125000000013,0
255.3000000000238,0.6276326115706419,0.13640625000000012,0
255.3500000000238,0.6180779884988767,0.13515625000000014,0
255.40000000002382,0.609106816572489,0.14390624999999987,0
255.45000000002383,0.6083882154750283,0.10718749999999996,0
255.50000000002385,0.583807172982393,0.11671875000000001,0
255.55000000002386,0.5657046784957934,0.08281250000000007,0
255.60000000002387,0.5499773266970264,0.12546874999999996,0
255.65000000002388,0.5414494944473827,0.13453125000000013,0
255.7000000000239,0.5316719048770254,0.10874999999999999,0
255.7500000000239,0.5247305928532282,0.13625000000000015,0
255.8000000000239,0.511605371926141,0.12749999999999992,0
255.85000000002393,0.5007931433955376,0.12578124999999993,0
255.90000000002394,0.49081177085282884,0.10312499999999987,0
255.95000000002395,0.46717779412052424,0.09921874999999986,0
256.00000000002393,0.7240141839571386,0.1814062499999998,0
256.05000000002394,0.7235666534297225,0.17437499999999978,0
256.10000000002395,0.7159843021101425,0.16203125,0
256.15000000002397,0.706390489655472,0.14609374999999983,0
256.200000000024,0.6992435972238293,0.18390625000000013,0
256.250000000024,0.6962805974896354,0.14515624999999982,0
256.300000000024,0.6880784167121594,0.10906249999999998,0
256.350000000024,0.6768479434243775,0.0990624999999999,0
256.400000000024,0.6669031782419352,0.12515624999999994,0
256.45000000002403,0.6600607896733082,0.08859375000000011,0
256.50000000002404,0.6421103463925705,0.1010937499999999,0
256.55000000002406,0.6313020811029545,0.11500000000000002,0
256.60000000002407,0.6261996876305814,0.11640625,0
256.6500000000241,0.6132942548531334,0.0999999999999999,0
256.7000000000241,0.6041274803750926,0.10734374999999999,0
256.7500000000241,0.5965829942464839,0.10703124999999998,0
256.8000000000241,0.5874900389423446,0.15406250000000013,0
256.8500000000241,0.5790414099300201,0.11734375,0
256.90000000002414,0.5713198175432102,0.1603125,0
256.95000000002415,0.5602765295668248,0.10718749999999996,0
257.00000000002416,0.8473563318479582,0.20609374999999983,0
257.05000000002417,0.8453600498775777,0.23078125,0
257.1000000000242,0.8419633751726042,0.1990625000000002,0
257.1500000000242,0.8367873746313144,0.21046874999999998,0
257.2000000000242,0.8321825171431356,0.14953125000000014,0
257.2500000000242,0.8277464107662086,0.1979687500000002,0
257.3000000000242,0.8223981029940697,0.12593750000000017,0
257.35000000002424,0.8160753622042329,0.14562500000000014,0
257.40000000002425,0.8112217942967579,0.0949999999999999,0
257.45000000002426,0.8063771341988233,0.13437499999999986,0
257.5000000000243,0.8003895203022535,0.12640625000000016,0
257.5500000000243,0.7963293421996188,0.11359375000000002,0
257.6000000000243,0.7900328456880523,0.114375,0
257.6500000000243,0.7827182196048542,0.16624999999999984,0
257.7000000000243,0.7761286686924758,0.10421875000000003,0
257.75000000002433,0.7681568008131548,0.15359374999999997,0
257.80000000002434,0.7624598644650551,0.09265624999999991,0
257.85000000002435,0.7514811620366035,0.12171875000000017,0
257.90000000002436,0.7412583558005558,0.13421874999999983,0
257.9500000000244,0.7334876558962105,0.10453124999999999,0
258.0000000000244,0.8380463374446467,0.2442187500000001,0
258.0500000000244,0.8360854100830242,0.1750000000000002,0
258.1000000000244,0.8303826978701274,0.19093750000000023,0
258.1500000000244,0.8234409114221912,0.19109375000000023,0
258.20000000002443,0.8178444251901789,0.20249999999999999,0
258.25000000002444,0.8122576206506349,0.2123437499999997,0
258.30000000002445,0.8059315251802383,0.1484375,0
258.35000000002447,0.7984135288730291,0.10218750000000006,0
258.4000000000245,0.7920042454247945,0.09156249999999998,0
258.4500000000245,0.783820587143171,0.11187500000000013,0
258.5000000000245,0.7774654805089621,0.10734375000000003,0
258.5500000000245,0.7699916977071065,0.09124999999999998,0
258.6000000000245,0.7585780165639647,0.11296875000000015,0
258.65000000002453,0.7458616518600129,0.07249999999999993,0
258.70000000002454,0.7380518785862685,0.10265625000000007,0
258.75000000002456,0.727833752352001,0.11218750000000013,0
258.80000000002457,0.7177295437452369,0.09312499999999999,0
258.8500000000246,0.7086064886904809,0.07296874999999993,0
258.9000000000246,0.6944990819421405,0.13203125000000004,0
258.9500000000246,0.6871576585587582,0.10109375000000007,0
259.0000000000246,0.785606243632958,0.16265624999999984,0
259.0500000000246,0.7785340660789801,0.16234375000000012,0
259.10000000002464,0.7724528177971062,0.1735937499999998,0
259.15000000002465,0.7596369997013127,0.16406250000000017,0
259.20000000002466,0.7480113903774291,0.2146875000000001,0
259.25000000002467,0.7354818598280485,0.19515624999999998,0
259.3000000000247,0.7250219598551071,0.09484375000000002,0
259.3500000000247,0.7148574232444995,0.08718750000000001,0
259.4000000000247,0.7057657218134272,0.09734375000000009,0
259.4500000000247,0.6951383610714107,0.09687500000000009,0
259.5000000000247,0.6796982157895285,0.1496874999999999,0
259.55000000002474,0.6602837483697471,0.06859375,0
259.60000000002475,0.6376142784964678,0.11999999999999984,0
259.65000000002476,0.626378717237635,0.08703125000000002,0
259.7000000000248,0.610584827032019,0.1492187499999999,0
259.7500000000248,0.5784244941389937,0.1087500000000001,0
259.8000000000248,0.551082926114721,0.08687500000000001,0
259.8500000000248,0.5237818771193545,0.09640625000000011,0
259.9000000000248,0.49158120151026913,0.13765624999999998,0
259.95000000002483,0.46722214333736134,0.07671874999999993,0
260.00000000002484,0.60484411698783,0.18171874999999976,0
260.05000000002485,0.5880501030619601,0.15109374999999997,0
260.10000000002486,0.5669090066960647,0.19546874999999994,0
260.1500000000249,0.5532936883368395,0.15093749999999997,0
260.2000000000249,0.5335526023037327,0.20640624999999974,0
260.2500000000249,0.5126600722077014,0.18687500000000012,0
260.3000000000249,0.49053850455215,0.08499999999999994,0
260.3500000000249,0.47435228781024014,0.1543749999999999,0
260.40000000002493,0.46373323707965997,0.09187499999999992,0
260.45000000002494,0.4791062968224522,0.12671874999999985,0
260.50000000002495,0.462825957521186,0.100625,0
260.55000000002497,0.4472014208008968,0.13687500000000002,0
260.600000000025,0.42742346710715456,0.10265624999999998,0
260.650000000025,0.4047262995888843,0.11031250000000001,0
260.700000000025,0.37851212995191386,0.10015624999999999,0
260.750000000025,0.35213853515459465,0.11937500000000009,0
260.800000000025,0.32707766471660166,0.09187499999999992,0
260.85000000002503,0.316199299383622,0.16734375000000012,0
260.90000000002505,0.30460181310574164,0.10015624999999999,0
260.95000000002506,0.2981951987182373,0.10031249999999999,0
261.00000000002507,0.3615477364673397,0.0942187499999999,0
261.0500000000251,0.3679753360071134,0.11343750000000005,0
261.1000000000251,0.3613366817831088,0.10203124999999999,0
261.1500000000251,0.35887026930232063,0.10578125000000002,0
261.2000000000251,0.36143923063599165,0.13328125000000002,0
261.2500000000251,0.34166512807092436,0.09765624999999999,0
261.30000000002514,0.3397176611588342,0.08593749999999992,0
261.35000000002515,0.3089330722791453,0.11328125000000007,0
261.40000000002516,0.2755320122364653,0.09625,0
261.45000000002517,0.27552202177583907,0.10343750000000004,0
261.5000000000252,0.2755123424811162,0.10468750000000002,0
261.5500000000252,0.2680175874546894,0.09640625,0
261.6000000000252,0.2656543370861656,0.13015625,0
261.6500000000252,0.24315839717974583,0.12296874999999985,0
261.7000000000252,0.22955214489254472,0.10687500000000001,0
261.75000000002524,0.2216340903623316,0.09609375,0
261.80000000002525,0.2163197240354751,0.16031250000000014,0
261.85000000002526,0.19061104748501198,0.11500000000000006,0
261.9000000000253,0.17892357490544886,0.11375000000000006,0
261.9500000000253,0.15286047502430702,0.0940625,0
262.0000000000253,0.10841486293659519,0.09984375000000004,0
262.0500000000253,0.1081619331599604,0.09062499999999996,0
262.1000000000253,0.13479985182017032,0.11656250000000008,0
262.15000000002533,0.08199119390403876,0.11656250000000008,0
262.20000000002534,0.11768963148608284,0.11656250000000008,0
262.25000000002535,0.09942410103016146,0.11656250000000008,1
262.30000000002536,0.09942410103016151,0.11656250000000008,1
262.3500000000254,0.09942410103016149,0.11656250000000008,1
262.4000000000254,0.09942410103016149,0.11656250000000008,1
262.4500000000254,0.09942410103016158,0.11656250000000008,1
262.5000000000254,0.09942410103016149,0.11656250000000008,1
262.5500000000254,0.09942410103016158,0.11656250000000008,1
262.60000000002543,0.09942410103016158,0.11656250000000008,0
262.65000000002544,0.0994241010301616,0.12468750000000009,0
262.70000000002545,0.1038698980846607,0.12468750000000009,0
262.75000000002547,0.1191665032092782,0.5731249999999996,0
262.8000000000255,0.11822743213130361,0.6056249999999994,0
262.8500000000255,0.1329993955708586,0.5967187499999994,0
262.9000000000255,0.1462263323439431,0.5971874999999994,0
262.9500000000255,0.15632747101126657,0.5973437499999995,0
263.0000000000255,0.4606523168328316,0.16093749999999996,0
263.05000000002553,0.45921137031211456,0.16281250000000014,0
263.10000000002555,0.441039184674583,0.13453125000000005,0
263.15000000002556,0.43485372840861797,0.15406249999999988,0
263.20000000002557,0.42833922290017634,0.16296875000000013,0
263.2500000000256,0.41058023422922446,0.1148437500000001,0
263.3000000000256,0.38945379618543835,0.09718750000000001,0
263.3500000000256,0.3530742486198973,0.08499999999999992,0
263.4000000000256,0.29822598697304215,0.14187499999999997,0
263.4500000000256,0.23019579005320406,0.07515624999999997,0
263.50000000002564,0.19317481107663154,0.1217187499999999,0
263.55000000002565,0.1388206829020008,0.10484375000000008,0
263.60000000002566,0.14073960665491703,0.10312500000000009,0
263.65000000002567,0.6473949990450097,0.09375,0
263.7000000000257,0.6295495859615109,0.07562499999999997,0
263.7500000000257,0.6146563853821464,0.10515625000000009,0
263.8000000000257,0.6050671447094617,0.10406250000000009,0
263.8500000000257,0.5833827505862706,0.11296875000000009,0
263.9000000000257,0.5612558005293977,0.10640625000000008,0
263.95000000002574,0.5612545370915876,0.07484374999999996,0
264.00000000002575,0.7030959702962177,0.18078125000000014,0
264.05000000002576,0.692283036029615,0.1935937500000002,0
264.1000000000258,0.6664385246869188,0.18359374999999983,0
264.1500000000258,0.6815887099054181,0.18343749999999986,0
264.2000000000258,0.6512290942984534,0.1732812500000002,0
264.2500000000258,0.6274853496189784,0.10515624999999999,0
264.3000000000258,0.670627451427263,0.14234375000000005,0
264.35000000002583,0.6964341508850093,0.11328125000000003,0
264.40000000002584,0.6524888223276037,0.1431250000000001,0
264.45000000002585,0.6361790593592619,0.12343750000000009,0
264.50000000002586,0.6057068638032105,0.10406249999999997,0
264.5500000000259,0.5804389581857584,0.10328124999999996,0
264.6000000000259,0.5468136599539345,0.08640624999999988,0
264.6500000000259,0.5427340385519889,0.11343750000000001,0
264.7000000000259,0.5259447810489909,0.13265624999999986,0
264.7500000000259,0.5200885333625898,0.1153125,0
264.80000000002593,0.5037523591622978,0.1412500000000001,0
264.85000000002594,0.487967335046733,0.0937499999999999,0
264.90000000002595,0.4741869909295264,0.0854687499999999,0
264.95000000002597,0.46466783267618406,0.1289062500000001,0
265.000000000026,0.8251362628988606,0.23296875000000003,0
265.050000000026,0.8256935305786531,0.2464062500000003,0
265.100000000026,0.8248049126678966,0.25468750000000007,0
265.150000000026,0.8241579800566975,0.2543750000000001,0
265.200000000026,0.8229764551347147,0.27140624999999996,0
265.25000000002603,0.8193333902138128,0.2235937500000001,0
265.30000000002605,0.8202322469405435,0.10296875000000001,0
265.35000000002606,0.7999355459181889,0.1496875,0
265.40000000002607,0.7751601302976788,0.10453125,0
265.4500000000261,0.7710132653831321,0.10859375000000007,0
265.5000000000261,0.7670165118841036,0.10984375000000006,0
265.5500000000261,0.7618237506406459,0.13609374999999987,0
265.6000000000261,0.7441918381236807,0.1603124999999998,0
265.6500000000261,0.7243225486548406,0.1390625000000001,0
265.70000000002614,0.7143782293164515,0.14234375000000016,0
265.75000000002615,0.6878197553632776,0.14156250000000015,0
265.80000000002616,0.6796280881626852,0.15078125,0
265.85000000002617,0.6701519914866432,0.11421875000000004,0
265.9000000000262,0.653637629956448,0.1515625,0
265.9500000000262,0.6198156576309167,0.11140625000000004,0
266.0000000000262,0.6848650785492946,0.13515624999999987,0
266.0500000000262,0.6564005534015356,0.13187499999999985,0
266.1000000000262,0.6552790579527278,0.15140625,0
266.15000000002624,0.6554895847063702,0.13187499999999985,0
266.20000000002625,0.6483567185707356,0.13281249999999986,0
266.25000000002626,0.6251134684429518,0.12062500000000013,0
266.3000000000263,0.6019119315668413,0.10375000000000001,0
266.3500000000263,0.581280527527215,0.13265624999999986,0
266.4000000000263,0.5455565206155227,0.07234375000000011,0
266.4500000000263,0.5372524299861646,0.12984374999999987,0
266.5000000000263,0.541939168926323,0.12265625000000013,0
266.55000000002633,0.5402771611786584,0.14828125,0
266.60000000002634,0.5127130325440944,0.08109374999999988,0
266.65000000002635,0.4341212864867392,0.13359374999999984,0
266.70000000002636,0.45539876490037146,0.08984374999999992,0
266.7500000000264,0.42329230933272916,0.1015625,0
266.8000000000264,0.42157926541091684,0.11296875000000003,0
266.8500000000264,0.4027154253747011,0.10078125,0
266.9000000000264,0.3783974152865677,0.13124999999999987,0
266.9500000000264,0.35742015861752796,0.11156250000000001,0
267.00000000002643,0.9999999025976638,0.1281250000000001,0
267.05000000002644,0.8277441810584532,0.15953124999999982,0
267.10000000002645,0.8262692522600101,0.1246875000000001,0
267.15000000002647,0.8235851948450724,0.13703125000000016,0
267.2000000000265,0.8222016033568599,0.14828125,0
267.2500000000265,0.820536508636162,0.19031250000000027,0
267.3000000000265,0.9999998919113297,0.10890625000000001,0
267.3500000000265,0.8044326147820244,0.14578125,0
267.4000000000265,0.9999998997465313,0.09937499999999999,0
267.45000000002653,0.9999998953734456,0.1298437499999998,0
267.50000000002655,0.7973292266049344,0.10734375000000003,0
267.55000000002656,0.7872902544808226,0.11781250000000013,0
267.60000000002657,0.780314601020425,0.09953124999999999,0
267.6500000000266,0.7696352960559566,0.10781250000000002,0
267.7000000000266,0.9999998422731889,0.12703124999999982,0
267.7500000000266,0.9999998410084953,0.10078125,0
267.8000000000266,0.9999998321921821,0.05812500000000009,0
267.8500000000266,0.7462686352578096,0.08703124999999987,0
267.90000000002664,0.7336755009154994,0.09796875,0
267.95000000002665,0.7255613060990836,0.1285937499999998,0
268.00000000002666,0.999999740918523,0.1571874999999998,0
268.05000000002667,0.6832812042888647,0.1298437499999998,0
268.1000000000267,0.6445714894115747,0.10374999999999998,0
268.1500000000267,0.9999996825853135,0.11781250000000013,0
268.2000000000267,0.6238732212960417,0.08437499999999991,0
268.2500000000267,0.6132251308769563,0.1209375000000001,0
268.3000000000267,0.6030787729299525,0.08109374999999991,0
268.35000000002674,0.5734881662875213,0.1162500000000001,0
268.40000000002675,0.5696143056996856,0.12984374999999979,0
268.45000000002676,0.9999999999993578,0.13093749999999982,0
268.5000000000268,0.9999999999993187,0.1196875000000001,0
268.5500000000268,0.5222361423391104,0.12031250000000013,0
268.6000000000268,0.5079821845202732,0.1290624999999998,0
268.6500000000268,0.4850139474244477,0.1292187499999998,0
268.7000000000268,0.9999994396523026,0.09937499999999999,0
268.75000000002683,0.43723678621721146,0.11984375000000011,0
268.80000000002684,0.418394773372877,0.09999999999999999,0
268.85000000002685,0.3844728887607218,0.13781250000000012,0
268.90000000002686,0.3652275788265852,0.18468750000000023,0
268.9500000000269,0.368160978662447,0.10203124999999998,0
269.0000000000269,0.8942327595199953,0.1968749999999998,0
269.0500000000269,0.8967894989222701,0.1950000000000002,0
269.1000000000269,0.9999999999999085,0.17812500000000017,0
269.1500000000269,0.9999999999999059,0.19390625000000022,0
269.20000000002693,0.9999999999999025,0.17468750000000016,0
269.25000000002694,0.9999999999999,0.20328125,0
269.30000000002696,0.8862577788874967,0.0892187499999999,0
269.35000000002697,0.8779624188287474,0.1573437499999998,0
269.400000000027,0.8747357703061238,0.0971874999999999,0
269.450000000027,0.9999999403090138,0.10765625000000001,0
269.500000000027,0.9999999999999438,0.12515625000000014,0
269.550000000027,0.9999999999999419,0.11750000000000001,0
269.600000000027,0.9999999999999397,0.15468749999999998,0
269.65000000002703,0.8579598986932033,0.15124999999999997,0
269.70000000002705,0.8520230091955235,0.12734375000000014,0
269.75000000002706,0.8538526392773071,0.13578124999999983,0
269.80000000002707,0.8472057351213671,0.0982812499999999,0
269.8500000000271,0.9999999999999643,0.08968749999999989,0
269.9000000000271,0.9999999999999629,0.1454687500000001,0
269.9500000000271,0.8469329257418318,0.1368749999999998,0
270.0000000000271,0.9423487595939704,0.2125000000000002,0
270.0500000000271,0.9999999999999957,0.2046875,0
270.10000000002714,0.9999999999999954,0.2240625,0
270.15000000002715,0.9327945247469168,0.16374999999999984,0
270.20000000002716,0.9307146009133956,0.19281250000000022,0
270.25000000002717,0.9284278593566333,0.2225,0
270.3000000000272,0.925415707193971,0.09328124999999993,0
270.3500000000272,0.9227909232236466,0.1028125,0
270.4000000000272,0.9191949108708233,0.10421874999999999,0
270.4500000000272,0.9143640129947543,0.13031249999999983,0
270.5000000000272,0.9999999999999837,0.14296875000000006,0
270.55000000002724,0.9092485891548244,0.1324999999999998,0
270.60000000002725,0.9050844075089368,0.08593749999999994,0
270.65000000002726,0.8997750872383121,0.08671874999999993,0
270.7000000000273,0.8945330830597034,0.1332812499999998,0
270.7500000000273,0.9999999999999588,0.10578124999999998,0
270.8000000000273,0.882855794180786,0.13421874999999986,0
270.8500000000273,0.999999999999953,0.12375000000000014,0
270.9000000000273,0.868855660668632,0.08546874999999994,0
270.95000000002733,0.8612771778281791,0.11281250000000001,0
271.00000000002734,0.9047740106981341,0.1459375,0
271.05000000002735,0.9003265239475363,0.16609375000000012,0
271.10000000002736,0.8954735098919828,0.18843750000000015,0
271.1500000000274,0.8907900725782181,0.11921875000000012,0
271.2000000000274,0.8851253637673349,0.14921874999999996,0
271.2500000000274,0.8781977480903321,0.12953124999999982,0
271.3000000000274,0.8725339732832845,0.14703124999999995,0
271.3500000000274,0.8636035947153468,0.10812500000000005,0
271.40000000002743,0.8541373775961758,0.10687500000000005,0
271.45000000002744,0.8451656809875774,0.12000000000000013,0
271.50000000002746,0.8366677463801172,0.15812499999999982,0
271.55000000002747,0.8254104484739005,0.14046875000000003,0
271.6000000000275,0.8154916531549389,0.10750000000000004,0
271.6500000000275,0.8030257516577174,0.14921874999999998,0
271.7000000000275,0.7841315468218952,0.08031249999999994,0
271.7500000000275,0.7617014028866996,0.12890624999999983,0
271.8000000000275,0.7427017842915081,0.09859375,0
271.85000000002753,0.7135317779673208,0.10937500000000003,0
271.90000000002755,0.6922401700355771,0.11031250000000001,0
271.95000000002756,0.6708484433623334,0.1273437499999998,0
272.00000000002757,0.73214300967674,0.18593749999999978,0
272.0500000000276,0.718115425547248,0.13499999999999984,0
272.1000000000276,0.6956637315321834,0.16578124999999982,0
272.1500000000276,0.9999997820337722,0.16578124999999982,0
272.2000000000276,0.6717913747079316,0.16578124999999982,0
272.2500000000276,0.6571190531888216,0.16578124999999982,1
272.30000000002764,0.6412427004629006,0.16578124999999982,1
272.35000000002765,0.6277498994613766,0.16578124999999982,1
272.40000000002766,0.6055191571767284,0.16578124999999982,1
272.45000000002767,0.581010341953387,0.16578124999999982,1
272.5000000000277,0.5494650894170594,0.16578124999999982,1
272.5500000000277,0.597564191567295,0.16578124999999982,1
272.6000000000277,0.5778157731104062,0.1737499999999998,0
272.6500000000277,0.5598630785712426,0.1737499999999998,0
272.7000000000277,0.5452058005301865,0.17234374999999985,0
272.75000000002774,0.5187370197958012,0.6504687499999995,0
272.80000000002775,0.45789700135578865,0.6664062499999994,0
272.85000000002776,0.4694087333842769,0.6579687499999994,0
272.9000000000278,0.4379461610383318,0.6579687499999994,0
272.9500000000278,0.4045615368217175,0.11374999999999995,0
273.0000000000278,0.7747977396890624,0.14218749999999983,0
273.0500000000278,0.7729702581159551,0.15375,0
273.1000000000278,0.7633028915726934,0.17171875000000011,0
273.15000000002783,0.7486635980817258,0.20140624999999995,0
273.20000000002784,0.7449981133523569,0.15343749999999998,0
273.25000000002785,0.7369160088603749,0.14390624999999999,0
273.30000000002786,0.7244134976115739,0.15140625,0
273.3500000000279,0.7138616380185708,0.10499999999999998,0
273.4000000000279,0.7063174043934148,0.11124999999999996,0
273.4500000000279,0.6922181918778688,0.12406250000000014,0
273.5000000000279,0.6848089059077866,0.12281250000000013,0
273.5500000000279,0.6639072824827917,0.0954687499999999,0
273.60000000002793,0.657714249554498,0.10499999999999995,0
273.65000000002794,0.6527552378764495,0.11374999999999998,0
273.70000000002796,0.642356349332765,0.11437499999999996,0
273.75000000002797,0.6329338690520095,0.14218750000000002,0
273.800000000028,0.6199814341546998,0.11421874999999997,0
273.850000000028,0.6100086534132105,0.1324999999999998,0
273.900000000028,0.5838679321151878,0.15234374999999997,0
273.950000000028,0.5851224801199814,0.12359375000000013,0
274.000000000028,0.881434517125084,0.23453125,0
274.05000000002804,0.8767794772183293,0.1753125000000002,0
274.10000000002805,0.8757611862943548,0.19546875000000025,0
274.15000000002806,0.8662674213364256,0.20359374999999996,0
274.20000000002807,0.8569815316467212,0.1940625000000002,0
274.2500000000281,0.8447873928887011,0.21390624999999974,0
274.3000000000281,0.8328178896258046,0.13750000000000004,0
274.3500000000281,0.8218381318046449,0.13109374999999981,0
274.4000000000281,0.7991976801007366,0.11062500000000006,0
274.4500000000281,0.7917627911139519,0.10906250000000009,0
274.50000000002814,0.7634477759750788,0.12031250000000018,0
274.55000000002815,0.7269388779499106,0.09906250000000001,0
274.60000000002816,0.9999997787172503,0.08890624999999991,0
274.6500000000282,0.6366326274274933,0.11937500000000016,0
274.7000000000282,0.9999996643026611,0.08874999999999991,0
274.7500000000282,0.9999999999994498,0.09984375000000001,0
274.8000000000282,0.9999999999994039,0.06906250000000003,0
274.8500000000282,0.999999571587393,0.12890624999999983,0
274.90000000002823,0.3712355332834551,0.09875000000000002,0
274.95000000002824,0.32220807773689614,0.06812500000000002,0
275.00000000002825,0.9999999999996549,0.2057812500000003,0
275.05000000002826,0.7193663824126737,0.23171875000000003,0
275.1000000000283,0.999999999999759,0.21921875000000018,0
275.1500000000283,0.9999999999997565,0.17062500000000022,0
275.2000000000283,0.6622677022444664,0.16703125000000021,0
275.2500000000283,0.6205462453253099,0.17968749999999983,0
275.3000000000283,0.5583425395700488,0.06343749999999995,0
275.35000000002833,0.5550495268057014,0.10546875000000011,0
275.40000000002834,0.9999990790177351,0.09484374999999999,0
275.45000000002835,0.4736521660863874,0.13125000000000006,0
275.50000000002836,0.9999999999990482,0.10750000000000011,0
275.5500000000284,0.37430531257011473,0.10375000000000009,0
275.6000000000284,0.2881584705225868,0.07906249999999997,0
275.6500000000284,0.9999999999995577,0.09593749999999998,0
275.7000000000284,0.12630586272913727,0.13500000000000006,0
275.7500000000284,0.11735784857615937,0.12437499999999986,0
275.80000000002843,0.16919818295814523,0.05656250000000005,0
275.85000000002844,0.16919818295814523,0.17656249999999982,0
275.90000000002846,0.16736356028628982,0.09734374999999998,0
275.95000000002847,0.1671850302771567,0.12546874999999985,0
276.0000000000285,0.12678719645544947,0.13531250000000009,0
276.0500000000285,0.9999994527667169,0.1545312499999999,0
276.1000000000285,0.1634630099589968,0.09687499999999998,0
276.1500000000285,0.20129788867306683,0.11765625000000016,0
276.2000000000285,0.4139760925122661,0.1568749999999999,0
276.25000000002854,0.409585987149818,0.12656249999999986,0
276.30000000002855,0.41350194695319675,0.10859375000000011,0
276.35000000002856,0.40389699744212965,0.09624999999999997,0
276.40000000002857,0.39450852726914126,0.13531250000000006,0
276.4500000000286,0.3794587771647714,0.07578124999999994,0
276.5000000000286,0.3613617231392953,0.11578125000000014,0
276.5500000000286,0.3347552794900796,0.07578124999999993,0
276.6000000000286,0.3095311875573336,0.11781250000000014,0
276.6500000000286,0.2763439788164502,0.09421874999999996,0
276.70000000002864,0.24483068394926127,0.12515624999999983,0
276.75000000002865,0.21623300474340482,0.07015625,0
276.80000000002866,0.18343654767463005,0.12359374999999984,0
276.8500000000287,0.15442259127793662,0.1060937500000001,0
276.9000000000287,0.12652818707677166,0.1062500000000001,0
276.9500000000287,0.13520615245517545,0.12624999999999983,0
277.0000000000287,0.4199550093162031,0.22687499999999972,0
277.0500000000287,0.41760772012434405,0.24187500000000028,0
277.10000000002873,0.41651999153626884,0.21453124999999976,0
277.15000000002874,0.4084122845741652,0.22109375000000003,0
277.20000000002875,0.41149808155448125,0.23796875000000023,0
277.25000000002876,0.40764018146339376,0.23078124999999994,0
277.3000000000288,0.404804562041169,0.09015624999999994,0
277.3500000000288,0.39872760305314275,0.12171875000000017,0
277.4000000000288,0.3763671773455549,0.14875000000000002,0
277.4500000000288,0.3439634309910908,0.11437500000000005,0
277.5000000000288,0.3664448642799066,0.11562500000000006,0
277.55000000002883,0.34033993973099047,0.16078124999999985,0
277.60000000002884,0.3166276790819897,0.09062499999999991,0
277.65000000002885,0.31478120064215365,0.15749999999999983,0
277.70000000002887,0.3179810517678773,0.0854687499999999,0
277.7500000000289,0.33451164761292723,0.13046874999999986,0
277.8000000000289,0.2866649979560929,0.10390625000000005,0
277.8500000000289,0.30656069106515627,0.17796874999999984,0
277.9000000000289,0.28115385720523134,0.12328125000000019,0
277.9500000000289,0.2446956024545101,0.0843749999999999,0
278.00000000002893,0.3163031829416105,0.19656250000000025,0
278.05000000002894,0.30770755275741424,0.11890624999999992,0
278.10000000002896,0.30745811641533216,0.21343749999999978,0
278.15000000002897,0.27614777464719126,0.1465625000000002,0
278.200000000029,0.284827913503471,0.1364062499999998,0
278.250000000029,0.2710623062271053,0.15546875,0
278.300000000029,0.23958839734889378,0.1009374999999999,0
278.350000000029,0.22749663737706594,0.1009374999999999,0
278.400000000029,0.21471214283379442,0.12453125000000018,0
278.45000000002904,0.21185326993429607,0.16328124999999985,0
278.50000000002905,0.20011919317989904,0.10999999999999999,0
278.55000000002906,0.21320759533097633,0.11156249999999998,0
278.60000000002907,0.16896959607070672,0.10218749999999992,0
278.6500000000291,0.16351661754364424,0.1378124999999998,0
278.7000000000291,0.1626903212710696,0.12781250000000016,0
278.7500000000291,0.16181797920065522,0.09203124999999987,0
278.8000000000291,0.11548907192593966,0.10124999999999992,0
278.8500000000291,0.1312114254224893,0.12718750000000018,0
278.90000000002914,0.14600350077740548,0.11328125,0
278.95000000002915,0.13154941314819577,0.12765625000000017,0
279.00000000002916,0.43760185318701705,0.1274999999999999,0
279.0500000000292,0.43992043188697116,0.1390624999999998,0
279.1000000000292,0.43599851002463624,0.12046874999999999,0
279.1500000000292,0.41525536146072306,0.16640624999999984,0
279.2000000000292,0.425924152672809,0.17718750000000022,0
279.2500000000292,0.42990104509588895,0.13921874999999984,0
279.30000000002923,0.41834457267595365,0.10078124999999993,0
279.35000000002924,0.4023066540809664,0.12859375000000015,0
279.40000000002925,0.396213215652236,0.1001562499999999,0
279.45000000002926,0.37637600603909405,0.10968750000000001,0
279.5000000000293,0.35446792806105315,0.10984375000000005,0
279.5500000000293,0.3376893298595759,0.13624999999999984,0
279.6000000000293,0.32209066169037637,0.11937499999999998,0
279.6500000000293,0.2961193109219082,0.10937500000000003,0
279.7000000000293,0.2885504668205288,0.11593749999999999,0
279.75000000002933,0.29153177069778147,0.11890624999999996,0
279.80000000002934,0.26534537656150076,0.09796874999999991,0
279.85000000002935,0.2574890397685803,0.10734375000000003,0
279.90000000002937,0.24863013582781793,0.14812500000000015,0
279.9500000000294,0.23317328219341382,0.13718749999999985,0
280.0000000000294,0.6434571022318113,0.1653125,0
280.0500000000294,0.6463332961058864,0.19421875000000016,0
280.1000000000294,0.6443049708763205,0.13984374999999985,0
280.1500000000294,0.6411535083830266,0.14343750000000013,0
280.20000000002943,0.6331479756639375,0.14406250000000018,0
280.25000000002944,0.62185997562163,0.12687500000000018,0
280.30000000002946,0.6070123711975718,0.10718750000000002,0
280.35000000002947,0.5943652672952121,0.15484375,0
280.4000000000295,0.5904424254029723,0.13593749999999985,0
280.4500000000295,0.5880766045881773,0.13499999999999984,0
280.5000000000295,0.5931517235626077,0.0968749999999999,0
280.5500000000295,0.5814231330363642,0.0959374999999999,0
280.6000000000295,0.570386068450249,0.0681250000000001,0
280.65000000002954,0.5449047380098223,0.0957812499999999,0
280.70000000002955,0.5337656146333207,0.13437499999999986,0
280.75000000002956,0.5307279736010643,0.10546875,0
280.80000000002957,0.5325196031216394,0.08593749999999989,0
280.8500000000296,0.5237113638360563,0.11640624999999996,0
280.9000000000296,0.5275382086587556,0.14390625000000015,0
280.9500000000296,0.5248331679197218,0.1265625000000002,0
281.0000000000296,0.6969320992197264,0.1920312499999998,0
281.0500000000296,0.6934140442586522,0.13453125000000016,0
281.10000000002964,0.687868211984354,0.2417187500000003,0
281.15000000002965,0.6844510802474854,0.1526562500000002,0
281.20000000002966,0.6752839110919908,0.16140624999999997,0
281.2500000000297,0.6613984269337488,0.1839062499999998,0
281.3000000000297,0.6500066148190218,0.14718750000000014,0
281.3500000000297,0.6506063686556639,0.09296874999999985,0
281.4000000000297,0.6409751817135079,0.13062500000000016,0
281.4500000000297,0.632687805191665,0.1212499999999999,0
281.50000000002973,0.6239612148498154,0.12843750000000015,0
281.55000000002974,0.6116591102674086,0.1404687499999998,0
281.60000000002975,0.6032065172723202,0.16921874999999975,0
281.65000000002976,0.5981828094949501,0.11109374999999999,0
281.7000000000298,0.5825553710219503,0.11421875,0
281.7500000000298,0.559184287633459,0.12546874999999985,0
281.8000000000298,0.5475758914813764,0.12937500000000018,0
281.8500000000298,0.5418016244589029,0.11187499999999999,0
281.9000000000298,0.5332650253250742,0.1021874999999999,0
281.95000000002983,0.5200094193935927,0.16593749999999977,0
282.00000000002984,0.8433490562540912,0.25687499999999996,0
282.05000000002985,0.8435932232434205,0.21312499999999973,0
282.10000000002987,0.8427713980398436,0.18203124999999978,0
282.1500000000299,0.8383200565543343,0.1817187499999998,0
282.2000000000299,0.8325812940507599,0.24921875,0
282.2500000000299,0.8269725610831814,0.21171874999999973,0
282.3000000000299,0.8239303212158965,0.09484374999999999,0
282.3500000000299,0.8198387375982952,0.0728124999999999,0
282.40000000002993,0.8132032425090082,0.14375,0
282.45000000002995,0.8058223955436702,0.12562499999999982,0
282.50000000002996,0.7999433691324723,0.13937500000000008,0
282.55000000002997,0.795903568125469,0.09421874999999999,0
282.60000000003,0.788665329640901,0.10468750000000004,0
282.65000000003,0.7839402262873112,0.10953125000000001,0
282.70000000003,0.7776966987204985,0.14609374999999997,0
282.75000000003,0.7706599637506645,0.1640625000000002,0
282.80000000003,0.7637171450531627,0.0734374999999999,0
282.85000000003004,0.7544284376686345,0.11500000000000014,0
282.90000000003005,0.7415849695270869,0.11562500000000016,0
282.95000000003006,0.7327675500665326,0.11390625000000013,0
283.00000000003007,0.7716213031089101,0.1309374999999998,0
283.0500000000301,0.768928241340432,0.13234375000000004,0
283.1000000000301,0.7568993388322055,0.12499999999999985,0
283.1500000000301,0.7459962217432279,0.11125000000000015,0
283.2000000000301,0.736287810087237,0.17046874999999978,0
283.2500000000301,0.7258299005560512,0.1865625000000002,0
283.30000000003014,0.7162597427013726,0.11968749999999984,0
283.35000000003015,0.7024586763446952,0.14343749999999997,0
283.40000000003016,0.694180002562084,0.12124999999999982,0
283.4500000000302,0.6728276334750343,0.12140624999999983,0
283.5000000000302,0.6570381542421532,0.13359375000000004,0
283.5500000000302,0.6424846758821774,0.15343749999999984,0
283.6000000000302,0.6221821849798691,0.06906249999999997,0
283.6500000000302,0.6053492834409548,0.08875000000000001,0
283.70000000003023,0.5788251249837003,0.10015625000000013,0
283.75000000003024,0.5506886530692022,0.15281249999999985,0
283.80000000003025,0.535721608841539,0.11000000000000014,0
283.85000000003026,0.5106981676538613,0.07999999999999989,0
283.9000000000303,0.4817804869570087,0.09906250000000011,0
283.9500000000303,0.4547797737196302,0.11250000000000016,0
284.0000000000303,0.6050694681925601,0.15921874999999985,0
284.0500000000303,0.5968534300255748,0.14625000000000002,0
284.1000000000303,0.5791783920844125,0.10390625000000006,0
284.15000000003033,0.5626570274246515,0.13390625000000006,0
284.20000000003034,0.5434816634590053,0.12281249999999984,0
284.25000000003035,0.52469424628142,0.11437500000000014,0
284.30000000003037,0.5063212405788275,0.11312500000000014,0
284.3500000000304,0.4878713761107782,0.07140624999999992,0
284.4000000000304,0.4572834163269663,0.09078125,0
284.4500000000304,0.4516155362183342,0.1021875000000001,0
284.5000000000304,0.42931052637484474,0.0921875,0
284.5500000000304,0.41493778927180774,0.11250000000000016,0
284.60000000003043,0.40150929070663605,0.0890625,0
284.65000000003045,0.38360475764618107,0.1021875000000001,0
284.70000000003046,0.38356951086254776,0.11328125000000014,0
284.75000000003047,0.39307163276123397,0.07109374999999993,0
284.8000000000305,0.4014223987375457,0.09406249999999998,0
284.8500000000305,0.3931412244075749,0.09171875,0
284.9000000000305,0.39492708399926874,0.09437500000000001,0
284.9500000000305,0.37771173999385915,0.13687500000000008,0
285.0000000000305,0.5411473158060291,0.1242187499999998,0
285.05000000003054,0.528809929813529,0.10203125000000009,0
285.10000000003055,0.5299572727922643,0.13218750000000007,0
285.15000000003056,0.5191647311828321,0.11093750000000013,0
285.20000000003057,0.4995579888912945,0.16062500000000018,0
285.2500000000306,0.4819258656214561,0.08109374999999988,0
285.3000000000306,0.47420977452086904,0.09093749999999999,0
285.3500000000306,0.4613385420279592,0.10125000000000006,0
285.4000000000306,0.44955760566094366,0.10984375000000016,0
285.4500000000306,0.43951097746331114,0.10718750000000013,0
285.50000000003064,0.4474495546211037,0.1003125000000001,0
285.55000000003065,0.42904170225746013,0.10875000000000015,0
285.60000000003066,0.4173014597297541,0.14984374999999986,0
285.6500000000307,0.39279143986399334,0.06968749999999997,0
285.7000000000307,0.3690253729239158,0.11156250000000015,0
285.7500000000307,0.33833256140753803,0.07343749999999996,0
285.8000000000307,0.31689334932899255,0.0984375000000001,0
285.8500000000307,0.30678008421860636,0.11140625000000012,0
285.90000000003073,0.3212618818190231,0.11953124999999983,0
285.95000000003074,0.33057968723040193,0.06953124999999996,0
286.00000000003075,0.680662550886974,0.22078125000000007,0
286.05000000003076,0.674367233861194,0.18296875000000018,0
286.1000000000308,0.6593873731223588,0.14125000000000004,0
286.1500000000308,0.6427283956935358,0.1759374999999998,0
286.2000000000308,0.6400717271994439,0.1825000000000002,0
286.2500000000308,0.6131889444379816,0.2243749999999999,0
286.3000000000308,0.5908239029956041,0.09671875000000012,0
286.35000000003083,0.5661774203400635,0.11406249999999987,0
286.40000000003084,0.535004828896006,0.12671875000000005,0
286.45000000003085,0.5135194072785751,0.06343750000000002,0
286.50000000003087,0.4884959424868128,0.08500000000000002,0
286.5500000000309,0.46686479930033353,0.11593749999999987,0
286.6000000000309,0.44320838410246965,0.0960937500000001,0
286.6500000000309,0.4217860681934237,0.12421875000000002,0
286.7000000000309,0.3963538477416884,0.11874999999999987,0
286.7500000000309,0.38330527335735914,0.11624999999999988,0
286.80000000003093,0.33971968876281267,0.13609374999999999,0
286.85000000003095,0.3078672087847791,0.14874999999999997,0
286.90000000003096,0.3107123750238115,0.05281249999999995,0
286.95000000003097,0.3013146059558401,0.10406250000000013,0
287.000000000031,0.4181022386525358,0.10031250000000011,0
287.050000000031,0.39751532024251285,0.1671874999999998,0
287.100000000031,0.3697880261633653,0.1284375,0
287.150000000031,0.34306629456737014,0.10609375000000013,0
287.200000000031,0.32030880871011363,0.10515625000000013,0
287.25000000003104,0.3279356562527203,0.13765625,0
287.30000000003105,0.30299933387271566,0.10453125000000012,0
287.35000000003106,0.29326703089559664,0.10484375000000012,0
287.40000000003107,0.2831487769666202,0.09500000000000011,0
287.4500000000311,0.2574199050082006,0.10328125000000013,0
287.5000000000311,0.23108137285504982,0.10703125000000013,0
287.5500000000311,0.2698912374458687,0.10515625000000013,0
287.6000000000311,0.21298919204070293,0.10453125000000014,0
287.6500000000311,0.20752252434535326,0.11312499999999992,0
287.70000000003114,0.21006705335909323,0.13625,0
287.75000000003115,0.186758386431769,0.1459374999999999,0
287.80000000003116,0.16869784974269494,0.10171875000000011,0
287.8500000000312,0.11185581426837572,0.06531250000000002,0
287.9000000000312,0.1495263478556691,0.20046874999999975,0
287.9500000000312,0.10649271701319554,0.045468750000000044,0
288.0000000000312,0.1874245158295795,0.15453124999999987,0
288.0500000000312,0.1997476395758788,0.17187499999999978,0
288.10000000003123,0.18159641437955376,0.17984375000000014,0
288.15000000003124,0.15511204975108905,0.13249999999999998,0
288.20000000003125,0.13892945815190155,0.18125000000000016,0
288.25000000003126,0.10863452265090374,0.13124999999999998,0
288.3000000000313,0.16314108761818652,0.11203125000000011,0
288.3500000000313,0.15532283691507467,0.09859375000000012,0
288.4000000000313,0.1445902362223507,0.11109375000000013,0
288.4500000000313,0.15373780435263257,0.09046875000000001,0
288.5000000000313,0.14168140370166254,0.06421875,0
288.55000000003133,0.1073967731606718,0.13703125,0
288.60000000003134,0.1026018157562841,0.1001562500000001,0
288.65000000003135,0.17054480286221624,0.10750000000000012,0
288.70000000003137,0.13592850406614776,0.088125,0
288.7500000000314,0.6393288306563605,0.12812499999999996,0
288.8000000000314,0.6430049993731731,0.09968750000000011,0
288.8500000000314,0.6305666929202801,0.09953125000000011,0
288.9000000000314,0.6218816491063434,0.10921875000000011,0
288.9500000000314,0.6137920476935946,0.13031249999999997,0
289.00000000003143,0.6812168177176985,0.15656249999999988,0
289.05000000003145,0.6686450539538172,0.13140625,0
289.10000000003146,0.6645300662549061,0.14125000000000004,0
289.15000000003147,0.6530929895747036,0.13859375000000002,0
289.2000000000315,0.6464256058109614,0.10281250000000008,0
289.2500000000315,0.6571742329617187,0.13203125,0
289.3000000000315,0.6417716397880938,0.15953125000000018,0
289.3500000000315,0.6205169351493899,0.10265625000000007,0
289.4000000000315,0.648422956526555,0.12218749999999985,0
289.45000000003154,0.5865742556224834,0.10000000000000009,0
289.50000000003155,0.5821347767290949,0.07,0
289.55000000003156,0.5756263096569086,0.09093749999999999,0
289.60000000003157,0.5456616523108889,0.08984374999999999,0
289.6500000000316,0.5444499621632776,0.07265624999999998,0
289.7000000000316,0.5329215421624471,0.1006250000000001,0
289.7500000000316,0.5091315173161112,0.08078124999999989,0
289.8000000000316,0.491414475922475,0.07093750000000001,0
289.8500000000316,0.47005094718267176,0.10078125000000009,0
289.90000000003164,0.4507093064399071,0.14218750000000002,0
289.95000000003165,0.4489860100721118,0.10265625000000007,0
290.00000000003166,0.43964990924649977,0.1682812500000002,0
290.0500000000317,0.4211850686719085,0.1559374999999999,0
290.1000000000317,0.4169734109532709,0.1268749999999999,0
290.1500000000317,0.3946264154916735,0.15640624999999989,0
290.2000000000317,0.3815632476292172,0.12874999999999986,0
290.2500000000317,0.3614928811501995,0.20328124999999977,0
290.30000000003173,0.37267623738019034,0.09578125000000001,0
290.35000000003174,0.32467050828031807,0.07671874999999993,0
290.40000000003175,0.266852306134257,0.09625000000000002,0
290.45000000003176,0.2416250638886137,0.11468750000000014,0
290.5000000000318,0.21653675004949027,0.09718750000000002,0
290.5500000000318,0.21160862704506303,0.095,0
290.6000000000318,0.2058622153932495,0.08749999999999994,0
290.6500000000318,0.19578548584404554,0.13562500000000008,0
290.7000000000318,0.16068098370553877,0.11500000000000017,0
290.75000000003183,0.22504751453685498,0.1829687500000002,0
290.80000000003184,0.9999994201663085,0.12390624999999991,0
290.85000000003186,0.9999994237494487,0.11468750000000016,0
290.90000000003187,0.19569240001922544,0.14437500000000003,0
290.9500000000319,0.18341552550278942,0.10375000000000008,0
291.0000000000319,0.7966337579356746,0.15015625000000013,0
291.0500000000319,0.7999310831957017,0.1660937500000002,0
291.1000000000319,0.9999998935222094,0.17734374999999986,0
291.1500000000319,0.7801584880141095,0.15578124999999987,0
291.20000000003193,0.7696341913236548,0.20546874999999978,0
291.25000000003195,0.769866645750377,0.12796874999999988,0
291.30000000003196,0.7714411139454483,0.0868749999999999,0
291.35000000003197,0.7593254648641049,0.0868749999999999,0
291.400000000032,0.7480743085983599,0.08031249999999993,0
291.450000000032,0.7387406645615632,0.09531249999999998,0
291.500000000032,0.9999998348023065,0.0881249999999999,0
291.550000000032,0.7320847845603843,0.0971875,0
291.600000000032,0.749792413743276,0.10593750000000006,0
291.65000000003204,0.7197992780177945,0.12531249999999985,0
291.70000000003205,0.7123430485995016,0.11609375000000018,0
291.75000000003206,0.9999998092075927,0.07062500000000005,0
291.80000000003207,0.679005142228165,0.07843749999999991,0
291.8500000000321,0.6561307308816666,0.0865624999999999,0
291.9000000000321,0.6479593978840615,0.08734374999999991,0
291.9500000000321,0.6436099912080144,0.13421875000000008,0
292.0000000000321,0.8186870019345303,0.20437500000000003,0
292.0500000000321,0.816555559338487,0.17453125000000017,0
292.10000000003214,0.8046236963015273,0.14828125000000014,0
292.15000000003215,0.7980781599727832,0.14531250000000012,0
292.20000000003216,0.7874562809790857,0.15406250000000002,0
292.2500000000322,0.7856740069315544,0.1632812499999998,0
292.3000000000322,0.7821543285332913,0.16265624999999984,0
292.3500000000322,0.7784938685320051,0.12390625000000018,0
292.4000000000322,0.7754451441204048,0.11375000000000002,0
292.4500000000322,0.9999999119188451,0.10515624999999998,0
292.50000000003223,0.752675927622595,0.11218750000000002,0
292.55000000003224,0.7429049516694446,0.12921874999999985,0
292.60000000003225,0.7347509356761788,0.09562499999999989,0
292.65000000003226,0.7309772936520993,0.10578124999999998,0
292.7000000000323,0.7297630306183507,0.09624999999999989,0
292.7500000000323,0.7163508146771129,0.12312500000000015,0
292.8000000000323,0.7128767422526028,0.13390624999999984,0
292.8500000000323,0.7033212244851923,0.10546875,0
292.9000000000323,0.9999998764247873,0.11406250000000002,0
292.95000000003233,0.6907991846478139,0.10531249999999999,0
293.00000000003234,0.9033982425295078,0.19249999999999984,0
293.05000000003236,0.9999999599285371,0.16359374999999987,0
293.10000000003237,0.9042575972423371,0.16765624999999984,0
293.1500000000324,0.8983177156630442,0.12828125000000018,0
293.2000000000324,0.8951873129657114,0.1912500000000003,0
293.2500000000324,0.8916040630808219,0.19562500000000033,0
293.3000000000324,0.8888424603244942,0.17187500000000022,0
293.3500000000324,0.8877579240167641,0.13296874999999986,0
293.40000000003243,0.8832577197888528,0.14234375000000016,0
293.45000000003245,0.8813467508099696,0.13453124999999985,0
293.50000000003246,0.9999999999999025,0.15624999999999992,0
293.55000000003247,0.873964289795644,0.11546875000000005,0
293.6000000000325,0.868726795098955,0.1235937500000002,0
293.6500000000325,0.864951282992908,0.12453125000000018,0
293.7000000000325,0.8589716413532338,0.11656250000000005,0
293.7500000000325,0.8527409327747921,0.15078125000000003,0
293.8000000000325,0.999999932084825,0.11625000000000005,0
293.85000000003254,0.9999999245011387,0.13515624999999984,0
293.90000000003255,0.8357582326771084,0.13437499999999986,0
293.95000000003256,0.8288746481405692,0.13328124999999985,0
294.00000000003257,0.8627630384154388,0.17437499999999978,0
294.0500000000326,0.858861108675145,0.17187499999999975,0
294.1000000000326,0.8546861396807487,0.2123437499999997,0
294.1500000000326,0.9999999999998884,0.17296874999999978,0
294.2000000000326,0.9999999999998831,0.16171874999999997,0
294.2500000000326,0.9999999999998768,0.161875,0
294.30000000003264,0.9999999999998688,0.13468750000000013,0
294.35000000003265,0.8262347838517287,0.12499999999999993,0
294.40000000003266,0.8187229188329321,0.14421874999999978,0
294.4500000000327,0.9999999167085007,0.11749999999999998,0
294.5000000000327,0.9999999098988172,0.16124999999999998,0
294.5500000000327,0.7944647725873234,0.14437499999999978,0
294.6000000000327,0.9999999999999091,0.11609375,0
294.6500000000327,0.999999999999902,0.0728125,0
294.70000000003273,0.7718431121898154,0.08781250000000008,0
294.75000000003274,0.7522455489545806,0.11734375,0
294.80000000003275,0.999999999999944,0.08937500000000015,0
294.85000000003276,0.7183858431474943,0.10734374999999993,0
294.9000000000328,0.7059522661685403,0.09187500000000012,0
294.9500000000328,0.9999999999999273,0.1379687499999998,0
295.0000000000328,0.9999999999999831,0.17578124999999997,0
295.0500000000328,0.9266404837778809,0.17531249999999973,0
295.1000000000328,0.9140226807968369,0.1615625000000002,0
295.15000000003283,0.905911780810719,0.20984375000000002,0
295.20000000003284,0.8999091601833478,0.21890624999999972,0
295.25000000003286,0.8948540891888486,0.15796875000000016,0
295.30000000003287,0.9999999999999923,0.12562499999999996,0
295.3500000000329,0.9999999999999921,0.17312499999999975,0
295.4000000000329,0.9134915776033303,0.161875,0
295.4500000000329,0.8900633152811046,0.12609374999999995,0
295.5000000000329,0.8961193226619649,0.09421875000000016,0
295.5500000000329,0.9999999999999754,0.10171874999999983,0
295.60000000003294,0.9999999999999746,0.10281249999999982,0
295.65000000003295,0.9999999999999735,0.1468749999999998,0
295.70000000003296,0.9999999999999724,0.13359374999999996,0
295.75000000003297,0.9999999999999413,0.1382812500000002,0
295.800000000033,0.8468840731702183,0.12749999999999995,0
295.850000000033,0.8448969784422796,0.13062499999999994,0
295.900000000033,0.9999999999999665,0.1284375,0
295.950000000033,0.8258571624887203,0.20015625000000026,0
296.000000000033,0.9201420235001656,0.19578125000000024,0
296.05000000003304,0.9181774820118881,0.20984374999999997,0
296.10000000003305,0.9148785255813835,0.21203125000000006,0
296.15000000003306,0.9118536450632865,0.22015624999999975,0
296.20000000003307,0.9082690226815799,0.2025000000000003,0
296.2500000000331,0.9059255817113095,0.18343750000000023,0
296.3000000000331,0.9018770306195184,0.12968749999999996,0
296.3500000000331,0.9999999999999286,0.09156250000000009,0
296.4000000000331,0.9999999999999255,0.12125000000000001,0
296.4500000000331,0.8915411412483824,0.12109375000000003,0
296.50000000003314,0.8894978747964211,0.10312499999999983,0
296.55000000003315,0.877546554621949,0.12265625000000002,0
296.60000000003316,0.8709547803813895,0.17234374999999977,0
296.6500000000332,0.8650307192160346,0.09718750000000016,0
296.7000000000332,0.9999999424533197,0.10421874999999983,0
296.7500000000332,0.999999938870188,0.10343749999999982,0
296.8000000000332,0.9999999999998785,0.09546875000000016,0
296.8500000000332,0.999999999999863,0.12953124999999993,0
296.90000000003323,0.9999999999998422,0.12312500000000001,0
296.95000000003324,0.8074989338621837,0.12937499999999993,0
297.00000000003325,0.9999999999999449,0.23125,0
297.05000000003326,0.9030121201702611,0.22359374999999998,0
297.1000000000333,0.9014359359168884,0.19718750000000018,0
297.1500000000333,0.8964683400033443,0.18531249999999977,0
297.2000000000333,0.890193625889532,0.2279687499999997,0
297.2500000000333,0.885286908415076,0.21093750000000022,0
297.3000000000333,0.9999999599082642,0.14906250000000018,0
297.35000000003333,0.999999955967716,0.14093749999999994,0
297.40000000003334,0.8701797610068526,0.14187499999999992,0
297.45000000003336,0.864644945145852,0.11687499999999987,0
297.50000000003337,0.8550793291912491,0.1020312500000001,0
297.5500000000334,0.8447622056565098,0.13328125000000002,0
297.6000000000334,0.8460266143151404,0.14171874999999995,0
297.6500000000334,0.8245230376651641,0.12390625000000002,0
297.7000000000334,0.8144138665671753,0.12484375,0
297.7500000000334,0.797728331270486,0.12609375000000003,0
297.80000000003344,0.7841047309557837,0.135,0
297.85000000003345,0.7733040827263825,0.11671874999999987,0
297.90000000003346,0.7385164800435985,0.15015625000000019,0
297.95000000003347,0.7021407068621083,0.13375,0
298.0000000000335,0.9999999560771745,0.2223437500000002,0
298.0500000000335,0.999999957694209,0.19843750000000013,0
298.1000000000335,0.8584546334723243,0.20921874999999984,0
298.1500000000335,0.8505928379556974,0.1631249999999998,0
298.2000000000335,0.8375339594140303,0.19703125000000013,0
298.25000000003354,0.8150047000358136,0.20671874999999978,0
298.30000000003355,0.8825259061243074,0.1614062499999998,0
298.35000000003356,0.9999999236578171,0.1535937500000001,0
298.4000000000336,0.9999999151635224,0.13531249999999995,0
298.4500000000336,0.9999999030909794,0.11749999999999985,0
298.5000000000336,0.9999998962983868,0.11984374999999985,0
298.5500000000336,0.9999998800804044,0.12015624999999983,0
298.6000000000336,0.709752198080459,0.17046875000000014,0
298.65000000003363,0.6770728878456211,0.12312499999999996,0
298.70000000003364,0.6604202779609587,0.15343750000000006,0
298.75000000003365,0.9999998145911178,0.14484374999999985,0
298.80000000003366,0.6277431714856817,0.12609375,0
298.8500000000337,0.604764959042754,0.15312500000000012,0
298.9000000000337,0.5591490428557117,0.1275,0
298.9500000000337,0.5072725594248829,0.12359374999999984,0
299.0000000000337,0.8673205836572176,0.21875,0
299.0500000000337,0.9999999437570278,0.20234375000000013,0
299.10000000003373,0.9999999436598497,0.20296875000000014,0
299.15000000003374,0.9999999341126864,0.25453125,0
299.20000000003375,0.9999999305350067,0.21781250000000024,0
299.25000000003376,0.8293153809046835,0.20156250000000014,0
299.3000000000338,0.805259763313947,0.11937499999999987,0
299.3500000000338,0.7773091322177118,0.12859375,0
299.4000000000338,0.7591175654462735,0.12765624999999997,0
299.4500000000338,0.7413196398975503,0.12921875,0
299.5000000000338,0.9999998798491644,0.15562500000000015,0
299.55000000003383,0.9999998875290992,0.14656249999999982,0
299.60000000003384,0.6690714999892361,0.12421874999999986,0
299.65000000003386,0.6286864450342335,0.13609374999999999,0
299.70000000003387,0.5470482154296612,0.16406249999999983,0
299.7500000000339,0.9999989980803128,0.13749999999999998,0
299.8000000000339,0.9999996609494626,0.1278125,0
299.8500000000339,0.9999999999988134,0.1654687500000001,0
299.9000000000339,0.9999999999985506,0.12906250000000002,0
299.9500000000339,0.2993347768386141,0.12906249999999997,0
300.00000000003394,0.6718451768569306,0.20828124999999983,0
300.05000000003395,0.7717372276891205,0.16281250000000014,0
300.10000000003396,0.6134069648769288,0.2218750000000002,0
300.15000000003397,0.5839768369081086,0.17703125000000014,0
300.200000000034,0.9999996440732405,0.18531250000000002,0
300.250000000034,0.9999995842230354,0.20218750000000013,0
300.300000000034,0.5412708901723384,0.16609374999999987,0
300.350000000034,0.37572707659896265,0.10468750000000004,0
300.400000000034,0.23078037764525203,0.138125,0
300.45000000003404,0.1682891753429543,0.12109374999999989,0
300.50000000003405,0.9999996753323973,0.14859374999999989,0
300.55000000003406,0.09954920659025461,0.1470312499999999,0
300.6000000000341,0.09943450793627182,0.15656250000000013,0
300.6500000000341,0.09539959238506295,0.13218749999999999,0
300.7000000000341,0.09074882545411923,0.15703125000000012,0
300.7500000000341,0.08028913987038039,0.12171874999999988,0
300.8000000000341,0.1546980343883732,0.14,0
300.85000000003413,0.10192679499420562,0.13968750000000002,0
300.90000000003414,0.15369684581830648,0.1846875,0
300.95000000003415,0.15463147783312278,0.13234375,0
